-580.944
-580.98
1626.63
1445.33
963.387
-1300.67
-653.598
848.24
-843.854
-1178.63
-392.981
-896.792
1082.85
-1066.28
1573.11
-586.042
1530.56
1245.91
262.632
257.743
249.609
1430.8
1476.59
-1256.26
-902.077
1609.15
-110.441
132.253
-796.457
-694.808
1562.24
-813.425
1189.25
-1117.19
-567.346
1530.44
-197.577
-988.161
1232.17
1554.97
-399.963
-774.875
-331.314
1595.23
1623.83
-882.512
1263.19
1353.59
48.1537
1520.48
103.568
59.8752
972.231
954.196
660.905
1410.17
1320.29
322.679
1163.7
1249.86
1463.96
507.292
-428.605
-569.318
255.467
235.954
-568.85
951.755
1094.47
746.299
-576.565
1577.9
-589.003
538.984
-545.033
-566.222
725.055
-491.615
194.766
882.025
-691.865
1620.3
1254.06
-415.289
10.1815
-339.765
934.443
1562.32
1324.78
1544.84
1540.65
345.12
909.042
173.636
136.3
18.4855
484.327
1012.75
-130.697
-942.588
-53.5394
-329.534
1537.29
953.77
-1050.49
147.051
-862.71
-597.634
957.866
683.154
1464.11
1316.14
1132.69
-984.515
316.244
-1108.95
698.664
1436.22
850.435
685.869
1383.12
-124.571
1558.05
-483.707
111.013
908.387
-998.271
-670.829
53.3929
-362.203
-696.964
-855.777
1293.52
1295.76
644.345
-422.068
1507.53
853.403
1472.42
1233.21
-131.644
-12.9743
443.977
-691.474
750.251
-550.857
313.454
-368.982
-424.183
561.735
-717.403
1455.92
-609.216
-365.13
-743.108
434.353
282.371
-685.392
426.608
1488.86
1253.13
1407.24
-494.56
1258.45
931.695
320.389
807.873
-754.943
1449.39
265.3
1450.7
1428.06
1470.5
1193.02
188.825
-825.541
908.799
1013.16
-1005.8
1437.78
-911.12
1299
1465.22
-172.136
-962.941
229.369
-778.312
465.047
-317.602
-1057.96
-254.527
-1002.15
-521.69
1320.1
173.116
-798.06
639.856
166.792
-728.798
994.38
290.672
-515.03
587.336
874.232
-443.636
1292.61
794.039
431.162
296.315
1234.48
-1022.5
1433.68
1164.77
730.382
-991.865
-963.793
1053.6
-839.175
1432.1
452.697
924.864
-492.722
-807.39
1418.84
1095.67
-944.263
-261.126
-592.602
-961.258
1381.85
1082.46
-146.127
1345.75
1287.99
90.2717
-883.216
941.011
1207.47
3.15834
1347.3
-89.5909
-821.327
933.631
-865.539
1005.54
-314.661
1152.3
1366.38
1366.32
-824.038
1344.62
503.97
-681.814
422.919
1016.55
-159.07
-983.932
601.846
-894.709
-606.282
-18.638
1205.36
1296.09
-804.737
546.493
23.0412
1356.3
-1121.91
-1171.53
1148.95
-1063.23
-1065.04
-660.518
268.55
1352.58
652.892
-234.177
924.811
-211.107
-1207.69
-928.77
-1167.26
1336.23
323.007
-1189.92
-862.95
1253.59
-283.48
-1186.41
-682.666
-603.027
-1036.76
-1015.81
-1172.53
1129.99
-630.975
-573.067
1267.38
-1014.56
-146.017
-1109.27
-1090.53
125.248
1204.62
-627.668
-264.965
-1133.12
-8.26184
-44.6535
881.336
-1102.3
405.483
1107
20.5601
700.189
39.2558
-734.394
-654.449
1059.28
718.284
761.852
-53.3483
-711.861
-671.324
1261.18
-972.787
-329.564
-924.861
-835.007
-1145.73
-1163.88
1272.67
-1193.8
-1205.57
-1198.04
-852.442
1253.82
1231.31
-731.348
-643.75
-737.286
453.755
-698.267
597.654
-1254.78
-1219.68
-999.796
-995.026
-1063.61
1244.5
981.78
-1196.2
-818.54
-976.071
117.891
-588.304
-90.2769
-554.652
-1073.74
1165.3
278.961
-247.242
421.686
903.426
1224.79
1066.2
-1265.79
1016.05
682.647
102.306
613.909
1047.47
81.2746
1048.93
1049.37
1033.73
661.194
-881.618
1068.85
897.377
-1037.87
1177.03
1141.9
-301.612
-1137.17
-188.434
243.412
-1110.89
-530.135
-975.036
-1236.15
299.429
-452.493
-110.09
1172.64
-242.004
-919.591
-386.544
372.697
-342.916
-898.264
-1265.36
1009.62
-991.403
1025.05
-1312.04
562.699
1156.21
-745.542
-750.434
-707.586
-761.271
440.387
944.098
-778.217
1152.25
-1177.97
964.249
-983.36
1136.06
-494.786
270.378
-465.436
715.775
479.525
-1285.27
-1269.19
-1285.42
-805.689
1101.31
381.381
256.291
-922.683
517.338
-1298.93
-152.872
-1241.6
-1291.61
390.011
-1075.27
881.275
-260.385
189.5
735.82
878.598
-947.28
985.934
-918.557
-1006.77
-69.285
-491.905
-822.8
-983.546
702.426
-654.249
-1086.02
-920.704
695.198
-838.181
982.833
-207.055
-1025.07
-1011.32
-603.164
1063.82
719.173
728.162
683.087
-811.89
973.42
-815.978
192.096
-1001.93
-984.153
392.27
-389.75
938.375
121.996
223.405
874.687
-150.117
-868.177
1110.25
-1191.31
-314.354
1098.71
610.289
788.774
1165.43
-574.643
892.766
295.028
849.912
-184.869
-1354.46
-1289.36
-805.526
-49.2612
-1383.34
955.047
-181.39
-1401.98
-1291.04
1149.72
367.737
6.36688
-547.165
400.295
-365.305
7.28088
-1376.25
-20.3434
1155.49
549.618
766.963
640.219
-886.703
852.302
-51.9437
737.055
832.166
1042.35
1180.48
-340.524
721.818
-974.927
-796.423
-1163.26
996.821
-775.26
-11.6416
382.638
388.476
839.647
-1178.02
-1004.12
-15.8913
-171.148
1188.17
949.423
-22.1223
-922.508
47.2355
159.098
-84.9731
-558.617
677.894
1152.81
-996.981
648.407
611.769
-124.986
824.428
828.032
-1010.93
-318.9
64.1895
184.269
-1135.74
633.203
1167.56
-280.957
622.567
-1045.82
89.6053
166.219
-351.714
-744.271
938.509
497.038
-1157.6
982.532
-1225.33
1214.66
341.161
1189.5
1234.82
714.049
-1087.21
1255.4
-969.52
1225.7
16.081
-898.905
-1185.76
-321.055
-1097.81
-244.235
335.503
-78.8055
1270.89
1218.7
-82.7539
1270.25
-469.125
1280.01
-709.949
1207.92
-57.3783
1055.96
-1244.31
416.875
-116.152
1198.72
1197.1
-862.563
1223.52
1295.44
657.297
1130.08
1118.59
1087.32
-518.167
-1189.66
1303.57
615.542
581.993
-447.806
-409.446
332.162
753.891
-347.815
-1126.93
1306.69
523.77
1069.42
710.953
-219.458
120.836
1063.74
1009.74
757.201
294.486
-1046
1272.94
-847.776
-928.002
-293.086
875.259
-441.936
-918.645
635.163
1345.83
218.31
-1062.04
1062.96
1235.34
-1102.43
-895.061
-461.882
-460.37
-466.402
-617.905
742.021
1216.73
-1129.94
897.256
-24.2621
-31.4012
1033.1
349.621
1309.17
1161.02
-1021.46
-1161.45
1086.11
1329.05
597.099
-459.016
1381.46
360.511
577.848
589.034
-413.866
-1150.16
463.125
1281.52
1180
-13.0867
-654.653
-1025.03
858.043
-1130.12
-1131.53
1234.39
1183.35
498.022
-1105.88
-900.49
-729.645
521.719
-1023.87
533.658
-988.148
-118.751
557.787
772.423
1215.94
-1055.3
1190.92
-854.102
-980.487
392.135
-229.869
-740.542
676.86
-1003.84
1346.75
1097.21
1400.01
-777.34
-739.399
1319.93
-969.469
-344.677
-457.401
566.917
18.1925
1394.27
1355.52
-893.801
-590.508
-159.005
1457.16
1452.39
33.9581
84.6902
-494.8
130.535
-845.186
-1010.64
-400.862
117.832
200.961
-910.313
-1014.06
154.78
-1013.96
1392.39
1465.64
1466.93
-572.901
1490.26
249.848
-571.876
-1036.55
-75.5801
321.707
1423.38
633.835
1463.79
111.638
-958.27
295.618
816.121
-179.423
1502.24
-940.683
465.071
-973.006
495.706
-905.556
1305.53
714.761
-492.639
1248.32
750.281
1439.54
-689.194
1071.64
1525.01
-105.585
1062.48
452.429
1070.22
1529.37
1240.91
252.518
805.31
1529.66
-485.318
856.177
865.991
1542.51
1113.69
106.763
1532.03
-239.826
-836.143
-874.714
467.701
1024.52
981.498
1445.12
1028.64
1267.57
197.042
668.652
1202.53
-628.353
710.065
717.63
321.797
-894.854
881.167
-100.743
505.156
1084.13
1385.93
132.143
1577.82
-684.453
-68.3906
-221.229
504.35
1404.46
-252.773
359.427
1476.84
-484.812
419.919
1438.95
-671.355
-97.2009
696.965
-638.811
56.4794
744.264
124.218
217.279
801.542
-837.83
1457.12
425.711
1616.45
-863.893
1619.89
1412.38
1520.88
-182.771
502.684
1090.12
125.003
-474.365
1404.75
900.086
1562.26
1624.55
382.774
1230.82
939.052
720.329
-665.632
1412.64
103.348
1598.02
1636.72
698.408
700.408
705.942
1399.84
96.3069
-822.426
1291.07
154.094
-779.616
-761.799
1032.02
-436.407
1531.87
492.253
1513.3
-780.946
771.312
-727.544
758.568
219.321
910.207
-290.402
1622.82
868.321
185.176
-773.972
-358.263
193.584
810.616
-784.249
-543.255
1054.04
1304.79
459.359
1641.99
1061.59
1306.15
-535.483
-365.937
-781.151
-532.125
-777.402
780.522
244.137
1680.68
1373.55
-716.415
849.248
-258.471
1696.12
-293.28
1600.43
-540.686
-714.182
-537.686
1625.74
-9.0538
1628.74
1201.64
-94.4545
-558.024
-732.994
1738.76
1637.67
1545.19
1252.14
-750.969
-738.34
1667.81
-247.271
612.484
-677.457
624.875
215.958
-475.284
219.958
-718.735
630.602
-721.599
-466.702
-651.945
-377.601
-672.662
83.9772
-495.791
-672.929
1775.93
1275.21
89.8382
1622.61
605.396
1182.85
-1.68768
1651.62
-313.77
-619.464
892.353
-679.275
1773.82
-316.514
412.447
1473.78
1474.78
1454.82
400.209
361.827
358.448
1452.23
1455.39
1778.71
1779.71
1493.8
1495.43
1783.71
362.071
1466.69
981.478
-205.687
980.256
360.509
-204.91
433.698
1470.82
998.182
1807.67
-521.99
385.584
1013.73
952.722
1715.42
1771.67
739.193
-416.618
-418.998
680.35
-649.045
-211.013
1650.72
1851.47
-555.807
631.974
28.819
1160.21
1196.11
1368.14
1749.35
1201.11
1863.1
1206.45
1752.81
-613.299
-322.759
1671.7
1375.19
-573.808
1765.16
1377.95
-313.527
1688.8
-310.527
1881.04
802.618
198.548
790.774
-569.188
737.575
1285.09
703.814
1895.09
1298.7
701.145
793.793
1711.81
-191.9
-163.618
1760.78
-504.686
-327.318
403.175
1851.67
1869.83
-572.274
-571.169
1874.25
1079.82
-569.669
1029.51
1601.15
-95.3723
-470.036
1612.97
1091.1
1094.37
1887.08
-87.3704
1618.62
-457.288
-460.353
1906.32
1106.91
500.554
1626.62
493.845
1628.62
505.554
-548.235
500.714
122.228
1827.61
-299.559
444.117
-534.777
186.641
-297.962
-462.731
-104.424
1966.24
-536.733
145.371
1433.13
1400.09
150.371
1506.56
1975.6
-520.354
1443.95
1978.73
777.741
1448.95
1442.35
1853.54
1810.35
1816.8
1856.73
1384.95
783.07
878.893
1824.98
790.089
-486.391
271.93
2000.88
1832.98
1392.83
204.137
-482.91
1479.49
1506.64
-478.71
-476.91
-461.523
1902.72
1879.5
815.108
-414.85
-460.421
1442.82
1454.9
269.084
523.573
1464.3
-451.421
-210.409
-35.8328
1463.71
1141.38
-205.409
-394.892
-379.641
-205.49
2022.78
957.693
279.721
78.7408
1727.28
-342.195
-154.922
1990.9
-343.145
611.813
352.013
2038.63
-229.042
-336.353
-433.235
-334.25
-148.772
-1.13818
2048.98
-424.711
-371.308
913.308
-252.007
1557.17
564.317
576.978
-343.519
-337.151
-340.519
1933.2
26.1539
836.124
1471.05
-134.846
1592.38
973.644
-401.5
-386.594
1440.28
1557.35
1923.15
2101.73
295.558
1928.35
928.769
381.962
1566.09
901.07
996.893
1942.8
1982.73
-375.928
-374.11
1507.83
921.759
1990.73
-280.293
919.089
929.778
1516.83
1011.59
1961.98
1521.83
1964.98
1974.23
1031.66
-54.7137
2012.96
1638.64
-126.937
1535.09
41.6649
-98.8579
-95.451
1999.63
2153.23
-329.064
-326.139
399.084
391.721
1875.84
1075.61
395.721
1883.99
2120.08
153.673
-272.645
652.923
778.421
981.945
-202.848
-216.775
1947.69
713.219
131.424
1356.49
2006.73
264.009
1998.05
1595.81
1232.53
993.358
1568.41
1761.79
1828.17
1958.85
1394.6
1961.82
1920.15
836.439
1151.23
1836.33
1817.15
591.648
412.462
1179.19
924.217
465.228
252.975
2186
135.304
654.356
-33.6288
1661.2
4.92017
325.74
1868.45
1039.68
-20.8894
2122.99
2007.99
390.735
1942.58
16.6222
1379.93
652.208
244.308
2149.81
1381.82
1320.4
-111.681
1635.19
231.393
818.615
1791.97
1235.43
-313.861
450.607
2126.46
2048.01
1095.89
1075.11
-340.403
273.025
2104.1
1771.27
2078
324.098
789.969
1722.68
303.58
932.204
2045.57
1408.09
173.073
563.069
1442.21
1817.03
1642.36
153.631
-317.505
296.451
1104.09
1823.8
897.879
-139.088
1704.19
1408.18
144.601
1868.72
1214.05
1893.64
50.666
1800.84
-583.222
-251.23
1790.8
838.455
-741.567
-665.222
78.8225
1613.76
869.646
1535.22
1516.25
-759.38
-628.963
1653.97
1372.06
-776.173
1536.29
-653.668
218.488
1442.96
-799.209
678.135
-652.41
1129.19
2.27182
1552.1
-686.781
577.408
1113.68
-312.59
1273.52
-443.227
838.927
-175.431
-929.251
1484.22
-137.486
1481.06
-979.516
453.257
504.869
-567.017
1214.35
-595.254
213.475
821.576
1395.01
-1053.78
-927.205
1072.3
498.438
-585.988
-1106.44
-696.283
662.494
1175.2
1170.62
445.097
499.81
990.353
-62.7811
-1228.3
-1106.57
-1141.39
-635.359
460.368
-753.197
-667.804
-779.867
-1129.91
-893.426
1145.73
434.282
1033.37
550.558
-1021.04
24.2254
-1165.76
114.113
1048.14
-879.51
-741.555
-290.294
-1134.48
-112.69
-1171.29
-78.6836
810.553
-314.081
-914.02
957.742
890.76
-1173.33
-857.377
430.858
-1166.88
844.325
-1568.29
-173.006
324.85
266.272
769.694
-951.229
184.68
840.801
706.917
-454.503
-1335.64
-1369.06
-1332.35
-112.51
-938.152
-1676.68
617.377
703.664
-1728.3
-96.0798
-1766.19
-1574.38
-1606.84
-357.26
584.013
-1578.28
-1733.02
-1401.43
-1235
-15.0146
-1464.84
12.6855
164.459
265.708
-288.546
-293.642
-228.322
-892.974
12.9789
-1721.55
366.389
-750.392
321.029
303.171
-1327.47
-1308.84
305.997
-124.945
-1774.16
-1316.86
417.206
-2077.58
-722.016
-1354.76
357.359
-500.31
-1230.43
-575.72
-82.2002
-119.164
-1474.26
-2209.79
-426.77
194.253
133.685
-195.942
-1357.03
-747.636
128.848
-1828.65
-29.1661
-1154
-599.768
-1772.4
-2200.64
-177.276
-1267.2
-475.138
-1338.81
-2349.86
-620.006
-566.478
-330.931
-154.338
-1525.75
-2408.17
-424.749
-2097.37
23.5685
-20.1646
-700.611
-59.0718
-70.6052
-2370.79
-2338.26
-287.124
-2345.94
-2057.88
-1103.99
-1586.32
-1667.2
-307.728
-2492.81
-2111.56
-227.967
-2098.94
-1580.84
-1939.9
-756.68
-1761.75
-259.389
-2537.05
-458.54
-1621.03
-480.998
-2154.04
-1651.5
-412.497
-2722.6
-2726.94
-2735.31
-422.209
-2407.75
-1928.96
-1596.68
-379.067
-405.576
-622.534
-1840.25
-1744.24
-390.999
-2548.18
-2920.13
-695.18
-406.143
-600.205
-2491.19
-470.884
-2655.75
-1369.63
-2774.01
-2836.67
-2000.66
-3018.04
-699.77
-2692.87
-550.551
-2351.27
-1182.21
-3104.68
-2784.43
-2802.66
-3081.86
-3126.87
-1802.44
-587.492
-3059.11
-2073.12
-2353.11
-1277.78
-1258.36
-1236.09
-869.77
-2880.56
-3191.32
-3196.57
-2958.23
-2439.85
-3091.85
-3027.21
-1257.06
-917.77
-1334.11
-3216.16
-884.516
-3198.78
-799.349
-1024.42
-2182.53
-1288.1
-3064.11
-895.896
-2096.99
-2635.47
-3216.6
-1292.07
-2825.47
-926.922
-1472.91
-1005.88
-1432.31
-1058.59
-1018.49
-2729.94
-958.432
-1079.94
-2660.38
-2678.25
-3213.27
-1173.67
-1692.46
-2256.39
-2804.06
-1008.57
-1550.67
-3215.36
-3290.02
-3100.78
-1891.12
-3455.05
-1053.36
-1544.32
-3596.35
-3205.89
-3105.35
-1449.11
-3267.6
-1194.95
-1716.66
-3681.04
-1984.78
-3302.96
-1249.96
-2463.35
-3711.05
-1229.77
-1898.36
-3639.5
-3104.19
-2905.59
-2257.77
-3687.55
-3411.41
-2773.62
-1819.82
-1209.93
-2654.72
-1925.69
-3760.45
-3596.03
-2523.17
-3118.7
-1266.03
-3763.99
-1467.05
-3660.15
-1275.84
-1606.95
-1796.87
-1650.06
-3335.03
-3791.64
-2162.24
-3795.35
-2606.63
-1649.11
-1383.74
-3696.99
-3800.25
-2946.93
-1979.43
-3780.15
-1531.82
-1479.51
-3642.54
-1457.11
-1954.22
-3103.69
-3575.74
-3631.04
-3776.02
-1633.25
-3802.16
-2894.93
-3456.08
-2265.46
-1701.58
-1417.27
-3370.46
-2232.43
-2787.18
-1457.09
-3331.07
-3690.04
-3909.27
-2756.08
-1427.86
-2098.58
-3928.17
-3934.27
-3815.7
-3790.53
-1612.92
-3056.24
-3669.19
-3659.93
-2583.9
-2526.23
-1731.42
-3896.95
-1672.11
-1757.72
-3627.3
-3969.56
-2678.57
-3662.33
-3423.83
-1483.56
-1704.32
-3556.72
-2427.21
-1439.48
-1591.44
-3540.88
-3554.94
-3556.1
-2051.34
-1519.34
-3460.15
-2297.08
-3803.47
-2813.29
-3812.37
-1624.71
-2759.98
-1480.46
-2646.05
-1480.18
-3917.39
-3916.61
-3796.78
-3372.01
-1413.91
-3738.73
-3900.45
-3320.19
-2140.59
-2182.62
-1763.68
-2319.27
-3479.86
-3786.43
-3805.6
-3851.39
-3112.57
-2479.73
-3839.98
-1515.84
-1500.26
-2987.53
-2489
-2398.87
-1856.16
-1365.43
-3440.06
-1906.84
-2684.56
-1962.07
-3093.01
-3798.24
-2487.78
-3776.22
-1490.91
-2887.49
-1779.47
-1506.42
-3280.37
-2032.49
-2033.03
-1300.24
-2598.43
-3645.38
-2736.77
-2626.85
-2894.12
-3508.16
-1679.39
-3338.84
-2859.94
-1279.6
-3357.79
-2984.08
-2851.34
-1411.56
-1750.62
-3418.85
-3217.14
-3677.82
-1318.28
-1508.2
-2621.02
-1404.3
-2958.76
-1329.59
-2702.3
-3584.11
-2031.38
-1380.65
-3597.62
-3562.47
-3076.43
-1882.89
-1438.68
-2274.47
-3287.26
-1840.9
-3556.63
-3536.46
-2423.41
-1241.22
-2302.58
-2837.89
-3280.71
-1289.34
-1328.62
-3108.41
-1299.93
-3544.33
-1940.82
-3142.08
-2556.55
-1957.44
-1467.74
-1546.25
-1630.72
-2809.27
-1344.31
-2349.39
-1348.37
-3725.96
-1596.61
-1590.72
-1516.51
-3728.08
-1715.44
-2983.76
-3368.58
-2092.93
-1218.26
-1277.46
-1936.59
-3710.63
-1627.64
-1705.4
-1466.19
-1486.72
-2240.04
-1273.23
-1222.65
-2995.79
-2905.7
-3686.35
-3592.66
-1827.26
-2043.49
-1765.51
-3410.6
-1799.34
-1260.74
-3189.25
-1808.72
-3446.47
-1370.94
-1157.45
-1809.41
-3534.94
-3284.29
-2746.47
-2874.76
-1886.24
-3002.28
-3507.66
-2404.95
-1148.63
-1784.3
-1975.98
-1609.01
-1245.39
-2696.53
-3248.07
-1174.16
-1140.98
-3275.67
-2386.04
-1119
-2702.21
-3552.49
-3288.09
-1565.02
-3272.16
-1348.69
-2421.22
-3092.75
-2484.31
-1380.82
-2490.76
-1120.55
-2267.05
-2983.52
-1199.73
-1576.21
-1262.1
-2724.84
-3278.15
-1436.24
-1935.21
-1975.91
-3553.31
-1947.71
-3545.51
-1617.34
-1189.68
-1209.77
-1496.61
-3130.46
-1657.4
-1839.18
-2595.82
-2282.07
-3492.21
-1803.92
-3111.03
-3141.57
-1787.36
-1528.75
-3292.53
-2352.94
-2090.32
-1410.04
-1396.62
-3378.08
-2915.15
-3319.86
-1454.27
-3623.21
-3205.58
-1533.93
-3176.73
-1416.85
-3191.27
-3707.97
-3416.13
-3713.62
-1364.81
-2505.18
-1425.23
-3173.43
-3686.37
-3224.26
-1933.85
-1860.78
-1507.28
-3107.19
-2264.58
-3609.81
-2008.33
-1570.49
-3188.68
-3644.63
-2713.74
-1389.11
-4020.81
-1826.18
-2431.81
-1622.09
-2296.08
-1417.89
-3013.14
-3227.82
-1711.97
-2433.09
-2132.21
-4138.96
-2663.05
-3456.04
-3845.98
-4116.63
-1548.77
-3926.58
-1550.75
-3702.15
-2956.58
-1616.14
-4186.46
-1950.29
-1918.56
-3953.01
-3717.66
-4223.49
-3190.66
-2738.97
-3148.58
-1897.05
-2220.99
-3164.46
-3783.24
-3248.87
-4073.64
-2973.87
-2910.05
-4073.27
-2229.98
-3515.67
-2987.46
-3355.78
-1946.25
-2625.38
-4104.37
-2600.75
-1990.6
-4296.08
-2282.91
-3816.68
-4316.21
-4241.63
-2692.29
-2821.57
-2014.73
-2261.58
-2342.44
-4145.87
-4052.43
-2345.99
-3047.13
-2712.42
-4473.03
-4023.23
-2465.52
-3107
-3952.52
-3107.26
-4536.68
-2613.82
-2582.17
-2108.02
-4045.62
-3516.37
-2161.27
-3848.16
-2979.84
-2707.71
-4597.81
-2168.78
-3644.87
-2157.62
-4541.06
-3144.58
-2286.21
-4722.63
-2736.34
-2267.73
-4088.75
-2770.55
-4124.18
-4171.88
-2309.7
-4184.87
-4505.72
-3266.47
-4792.51
-2728.38
-4542.07
-2331.74
-4759.28
-3908.8
-4353.93
-4016.89
-4817.2
-4948.46
-3651.14
-3557.16
-2615.04
-4683.77
-4810.65
-4729.72
-3128.82
-4055.31
-4621.17
-4911.52
-4852.54
-2582.38
-4205.53
-2585.28
-4806.9
-4315.58
-2619.13
-4879.15
-4487.13
-4811.87
-4269.58
-2679.04
-4709.55
-4673.25
-5106.95
-5100.2
-4648.09
-4986.52
-4865.36
-4970.81
-3066.41
-2980.12
-4906.65
-5049.9
-4751.05
-4024.83
-5117.54
-2867.84
-2868.73
-2883.5
-4426.62
-3285.97
-5280.76
-5305.88
-5322.92
-3944.91
-5363.48
-4413.6
-5368.43
-3076.43
-3007.55
-4083.95
-3621.44
-3352.27
-2942.36
-3468.76
-3663.86
-3726.75
-5298.56
-5513.76
-3265.5
-3100.46
-4044.78
-3185.75
-3611.36
-4464.16
-5111.41
-4071.88
-3249.97
-3687.57
-5627.4
-5148.73
-3117.83
-3885.11
-4927.71
-3208.49
-5678.63
-5673.66
-3719.76
-5659.13
-4210.67
-5696.6
-3673.23
-3244.08
-3327.88
-5379.6
-4987.6
-4411.86
-5353.5
-3765.58
-5758.35
-4659.77
-5118.17
-3425.23
-5652.66
-4571.04
-3467.06
-5477.54
-5125.78
-5321.78
-3612.16
-4302.06
-5804.65
-5876.28
-3631.19
-5884.34
-4267.89
-4243.66
-5721.9
-5854.18
-3535.31
-5968.73
-5862.14
-3848.17
-4215.33
-5736.64
-5986.63
-6029.56
-6032.63
-4364.31
-4334.75
-6093.93
-6103.87
-3982.89
-4997.34
-4074.96
-5034.88
-5369.75
-5328.4
-4700.7
-3808.77
-4868.05
-3826.46
-5667.5
-6017.19
-6000.6
-4289.07
-4309.12
-4657.16
-5141.41
-3777.72
-5154.82
-4483.66
-6087.61
-4886.81
-3948.79
-6252.58
-5393.17
-4167.55
-4898.78
-5950.56
-6134.38
-4042.36
-5100.77
-5090.45
-6195.17
-5304.63
-3968.88
-4003.22
-5486.32
-4844.44
-5498.81
-4799.45
-4055.08
-4829.84
-4825.52
-6433.85
-4476.97
-4109.64
-6421.67
-6507.27
-6006.49
-4770.68
-4146.16
-5713
-4268.61
-5192.98
-4203.66
-6630.91
-5461.27
-4623.83
-6130.95
-6587.09
-6490.51
-6077.88
-5940.3
-6468.67
-5040.32
-5674.39
-5036.97
-5691.43
-5412.52
-6481.86
-4858.25
-4427.51
-6744.09
-4539.91
-4615.98
-6711.23
-5728.01
-4671.87
-6728.81
-6332.66
-4507.98
-4665.6
-5863.94
-4458.5
-6950.92
-6967.97
-6760.5
-5738.22
-5788.63
-6941.34
-5037.67
-7009.45
-5640.74
-6567.99
-4806.36
-4556.41
-4632.74
-6866.6
-5585.31
-6875.42
-4596.79
-6293.04
-4812.27
-6057.77
-6595.9
-7063.57
-4990.78
-5041.9
-4797.15
-5116.7
-4744.57
-6826.7
-6847.74
-7223.8
-7013.46
-5180.5
-4913.51
-4777.93
-5460.91
-7295.4
-6678.22
-6641.04
-4835.82
-6712.42
-5849.94
-5541.51
-6988.06
-6048.19
-7321.24
-7076.37
-4924.08
-5293.76
-5355.67
-7234.79
-6315.81
-7014.59
-5656.11
-7160.47
-6472.74
-7074.39
-5146.34
-5507.15
-5046.38
-6154.27
-6211.46
-5337.05
-5382.48
-5942.77
-5141.55
-5865.59
-5425.25
-7583.76
-7366.72
-5148.15
-6286.92
-5166.99
-5779.79
-6935.3
-5790.71
-6998.87
-7004.68
-5804.99
-5226.87
-5741.94
-7487.68
-7490.48
-6960.79
-7666.88
-7703.98
-7712.86
-6690.43
-5688.57
-6050.7
-7674.6
-7773.95
-5984.4
-5365.03
-7570.68
-7889.93
-7042.62
-7018.13
-7624.02
-5617.32
-6123.14
-7458.19
-6820.82
-5483.57
-7351.25
-7996.62
-6252.93
-7523.62
-6914.68
-6867.48
-5587.91
-6325.82
-5659.91
-8016.81
-7755.72
-5822.73
-7731.38
-7224.1
-7224.1
-7298.43
-5953.47
-7603.46
-7030.21
-7033.76
-8063.64
-7101.31
-8060.28
-5745.51
-5744.67
-7124.53
-6221.92
-7334.49
-5822.46
-6661.14
-7863.63
-8204.61
-8059.35
-7454.73
-8094.29
-6055.57
-5845.09
-8260.2
-5863.11
-7043.59
-5881.17
-7241.22
-7309.87
-7317.96
-5951.85
-7978.58
-6282.52
-5992.35
-6741.49
-6013.77
-8389.66
-6032.94
-7979.86
-6027.7
-6812.31
-6306.76
-7542.31
-6406.88
-6080.43
-8421.77
-6848
-6485.56
-8469.69
-6668.28
-6107.16
-7568.53
-6836.26
-6244.63
-6149.67
-6647.57
-8220.71
-8673.45
-7310.34
-7836.36
-6282.09
-7922.17
-6724.82
-8404.71
-7897.06
-6348.58
-8668.7
-6547.57
-8248.73
-7114.16
-7265.99
-8646.11
-7679.66
-8274.87
-7089.02
-7097.56
-8296.17
-8352.98
-8316.36
-7742.15
-8909.79
-7758.07
-6483.42
-8808.28
-8940.51
-6525.83
-8837.3
-6592.52
-6818.83
-6510.45
-6760.57
-6770.57
-6973.18
-7700.24
-8650.41
-6632.97
-8127.41
-9068.15
-8353.34
-8113.12
-7075.46
-6627.65
-7269.42
-6840.04
-7886.12
-9138.01
-6675.29
-8476.3
-8720.59
-7302.69
-9110.53
-8706.12
-7334.93
-8541.88
-8095.39
-9256.25
-8630.81
-8182.57
-8768.09
-8198.74
-8208.74
-8797.01
-9075.4
-8863.74
-9346.52
-7472.45
-9367.71
-9166.28
-7503.71
-8209.82
-7977.67
-7585.47
-9312.66
-8983.27
-8272.5
-9230.51
-7516.1
-9466.21
-9478.51
-8006.96
-8787.85
-9198.19
-9484.53
-9242.51
-7049.2
-8075.68
-7331.45
-8706.74
-8104.68
-7327.39
-8952.75
-7891.46
-7145.75
-9641.88
-7167.09
-9659.76
-9130.35
-8618.22
-9555.22
-9523.84
-9533.84
-7999.59
-9192.7
-8624.06
-9615.28
-7463.2
-8721.99
-7291.35
-8274.65
-9208.69
-8028.6
-8840.83
-8886.66
-9047.36
-8912.29
-9573.5
-9163.36
-8531.41
-9148.39
-9635.4
-7978.04
-9489.28
-8730.56
-7632.47
-7966.48
-7577.16
-7474.77
-9716.45
-9755.36
-9986.28
-9995.06
-7689.17
-9555.66
-8151.75
-9948.8
-9826.76
-10058.7
-9383.46
-8790.77
-7769.88
-8812.79
-9642.72
-8832.79
-8248.2
-8854.81
-9939.32
-8279.45
-7902.26
-7795.64
-8361.13
-8363.28
-8213.97
-8986.72
-7901.94
-10185.2
-8890.04
-10005.3
-9426.03
-8750.93
-10248.4
-9937.84
-10265.1
-7837.61
-9957.82
-10324.1
-10060.1
-7966.47
-7883.5
-9464.71
-9803.9
-8918.04
-10376.2
-7971.62
-10127.6
-8656.17
-9582.03
-9981.17
-9664.27
-8068.79
-8443.82
-8411.31
-8461.89
-8269.3
-8480.96
-8285.45
-10202.1
-10548.7
-8754.69
-10321.4
-10530.4
-10312.5
-9822.27
-9071.27
-9089.18
-9709.17
-8302.08
-9976.39
-10654.3
-10368.5
-10458.4
-8768.22
-8782.77
-8237.42
-10513.4
-10574.4
-8760.95
-9509.34
-9519.34
-10485.6
-9992.01
-8506.65
-8433.25
-9406.9
-8451.47
-8849.95
-8468.86
-8477.93
-8377.43
-8533.85
-10854.6
-8904.21
-8611.55
-8537.93
-8435.72
-10244.3
-8905.92
-10155.7
-8969.73
-8652.73
-10924.2
-9629.88
-8511.53
-10275
-8667.75
-10783.7
-10297.9
-10649.4
-11033.8
-9768.4
-10751.2
-9562.62
-11059.2
-10836.2
-9139.24
-11122.9
-10858.8
-10868.8
-11118.9
-10889.3
-11135.8
-10320.2
-10250.2
-10293.9
-10316.3
-10857.3
-11227.9
-11205.1
-9726.32
-9196.26
-10905.1
-8874.33
-10391.8
-11261.6
-11275.1
-10952.9
-9810.71
-8934.6
-10439.4
-11147
-10613.8
-11109
-11402.6
-9367.43
-9536.4
-9944.22
-8953.62
-11444.3
-11456.5
-9146.15
-11473.7
-10529.5
-9568.5
-10167.9
-11457.2
-11464
-10239.8
-11298.1
-10830.4
-9252.67
-9656.22
-10411.9
-9117.04
-10204.9
-11532.5
-10890.4
-11637.2
-11403.6
-11081.8
-9793.27
-10947.5
-9213.19
-11705.4
-9365.15
-11733
-10445
-11493.6
-10394.3
-9415.15
-9282.68
-10435.7
-9473.17
-11553.1
-11563.6
-9497.27
-10484.7
-11097.9
-11787.9
-11612.6
-10515.4
-9950.68
-10939.1
-10945.2
-10959.1
-9988.41
-11094.9
-9592.07
-11611.8
-9989.72
-11924.7
-9632
-10508.7
-11988.7
-11726.9
-12008.1
-11661
-11764.3
-9632.07
-10524.3
-11283.6
-11706.7
-11364.8
-12050.5
-11727.7
-11743.5
-12117.1
-9721.33
-12151.4
-12123.8
-10779.6
-11266.5
-11274.3
-11923.8
-9883.94
-11255.3
-11358.5
-11466.2
-10274.2
-12259.9
-10341.9
-11437
-11511.3
-11450.6
-10815.8
-10900.2
-12251
-10124
-9955.88
-12264.7
-10103.2
-11107.3
-10341.1
-10337.8
-10077.3
-12046
-12105.8
-12235.7
-11252.2
-12211.5
-10243.5
-10278.5
-10101.4
-10432.1
-12013.6
-10092.6
-10086.6
-12260.6
-10243.2
-10284.1
-11417.9
-12193
-12189.8
-10092.6
-12098
-12178.3
-9924.74
-11790
-12046
-12320.3
-10706.5
-11310.1
-9960.49
-11376.6
-9784.76
-12325.9
-9980.43
-10625
-10286.7
-9773.41
-9717.53
-12158.4
-12293.1
-11038.8
-11446.2
-11758.8
-10721.1
-9775.98
-10114.5
-12041.4
-10709.5
-11965.1
-9861.92
-10627.8
-12277.9
-11563.6
-9660.2
-12206.4
-9815.69
-12322.4
-12055.2
-12302.4
-10306.4
-10041.2
-11282.7
-9725.22
-9917.98
-11905.3
-10532.6
-9828.98
-10031.8
-11119.6
-11127.7
-11080.1
-11088.2
-12265.4
-10123.2
-9945.55
-12087.7
-11088.2
-10090.4
-9973.94
-12189.8
-12369.3
-11108.1
-12359.3
-10214.1
-10852.9
-10003.5
-11709.5
-11346.5
-12294.6
-10613.7
-12276
-10034.7
-10415.3
-10755.3
-12075
-11775
-10046.3
-11484.4
-11211.2
-12268.8
-10168.5
-10941.7
-10199.8
-12307.7
-12352.5
-11660.3
-10408.1
-10957.6
-10210.4
-10042.5
-12273.3
-10998.7
-10832.6
-11363.9
-12112.3
-9991.06
-10439.5
-10965.5
-9966.28
-12317.7
-11736.3
-12204.2
-10789.3
-10196.3
-10021.8
-12359.1
-10119.3
-11832.3
-11608.6
-12372.1
-11301
-10029.4
-11676.8
-11268.2
-9856.95
-12366.9
-9987.12
-11377.1
-11229.5
-10764.6
-10109.2
-11086.2
-9880.26
-10055.4
-12457
-12247.3
-10239.5
-10246.8
-11401.7
-10167.7
-10333.7
-10935.5
-10360.3
-11470.7
-10282.5
-11404.3
-10751.3
-10316
-10793.3
-12458.4
-10667.7
-12291.9
-12440.5
-10107.6
-10060.6
-10124.5
-12410.6
-12456.4
-10076.7
-12412.7
-10124.8
-10274.9
-12239.4
-12459.1
-10350.3
-12370.5
-10081.1
-11738.4
-12158.1
-10333.8
-12378.2
-11901.3
-11457
-12446.1
-10065.5
-11655.8
-10938.9
-11452.4
-11350
-11989.5
-12519.5
-10448.5
-10306.7
-10300.7
-10861.9
-10921.2
-10439
-12136.4
-11208.2
-10724.1
-10573
-12430.8
-12471.2
-10778.5
-12383.4
-10112.5
-11714.1
-12303.2
-10000.5
-12543.7
-10071.1
-10589.6
-10076
-11715
-10819.4
-10235
-10451.2
-10260.1
-12219.9
-12234.5
-10586.4
-10154
-10759.2
-11281.7
-10069.8
-10050.7
-10893.1
-11456.5
-11520.3
-12526.7
-12482.5
-12325.8
-10107.7
-12516
-11495.3
-12087.4
-10148
-10176.5
-12589.9
-11437.3
-10701.1
-12463.2
-10183.3
-10147.6
-12282.3
-11161.6
-10384.2
-10756.5
-12600.6
-10558.8
-12312
-10867.9
-12606.5
-10337
-11805.7
-12508.6
-10905
-10395.8
-11510.8
-11316.6
-11768.2
-12432.2
-12366.4
-11145.8
-12569.5
-11090.3
-11454.1
-11513.2
-12276.4
-12585.9
-12551.1
-10151.9
-10414.8
-10182
-10223.6
-10452.8
-10149.4
-10979.7
-10487.8
-12450.8
-12423.7
-10633.4
-10680.8
-10315.7
-12401.5
-12535.4
-12594.2
-10166.7
-12661.7
-12231.1
-10348
-10122.2
-10691.1
-12624.1
-11187.2
-11600
-10411.9
-12540.1
-12166.2
-12543.1
-11221.7
-12302.9
-10221.7
-12626.3
-10214.9
-11208
-10166.8
-10872.3
-12380.4
-10290.9
-11815.6
-10389.4
-10392.4
-10433.5
-10408.1
-10413
-12450.2
-11824.8
-10653.5
-12306
-12642.2
-12673.9
-12467.6
-11003.8
-10322.3
-12551.3
-11073.8
-10600
-12291.6
-11235.5
-12624.9
-12010.3
-11505.7
-12261.7
-10887.2
-12019
-11326.8
-10556.9
-12643.2
-12208.5
-10316
-12591.2
-11029.6
-12727.9
-12527
-12730.6
-12010.9
-11554.1
-10900.6
-12009.7
-11302.6
-10379.6
-10379.6
-11991.6
-10783.4
-11998.9
-11427.2
-10252.8
-11623.7
-11747.8
-12653.4
-11695
-11068.4
-11750.5
-12761.4
-10267.9
-12658.9
-12358.8
-12685.8
-10467.2
-11697.5
-11482.6
-10408.2
-11251.6
-12723.4
-11306.7
-11880.7
-10345.4
-11125.6
-11593.5
-11698.7
-12796.3
-12653.1
-11650.5
-12676
-12240.6
-12633.5
-11042.1
-10295.9
-12305.5
-10926.2
-11533.6
-11954.2
-10785.2
-10785.1
-11727.1
-12637.4
-12668.4
-12244.4
-11662.3
-11761.8
-12819
-12825.2
-10377.8
-12340.6
-10393.5
-10432.8
-12441.2
-12813.3
-10957.3
-12194.2
-10961.1
-12838.5
-11551.9
-12842.9
-11540.8
-12788.2
-11591.5
-12422.1
-11869.5
-11155.4
-10411.5
-12174.1
-11869.6
-10655.8
-11246.6
-10413.2
-12419.3
-12394.9
-10714.6
-10400.9
-12637.2
-12638.2
-11212
-10713.3
-10406.2
-10387.6
-10422.8
-12784.9
-10436.5
-10742.6
-11752.6
-11286.7
-12605.8
-10530.8
-10410.7
-12651.9
-11654.5
-12682.7
-10533.9
-10376.6
-10881.1
-11513.2
-12872.1
-12816.1
-12132.5
-12570.2
-12596.4
-10813.7
-10730
-11318.8
-12789.8
-11202
-11152.3
-12776.4
-12411.6
-12918
-12920
-10685.8
-12752.3
-11799
-10440.5
-11854.8
-11809.9
-11203
-10769.9
-11167.6
-10772.3
-10492
-10475.1
-12850.5
-12600
-11393.4
-11403.5
-11818.7
-12923.7
-11061
-12934.5
-11980.8
-11613.4
-10657.5
-11660.1
-11073.7
-12835.6
-10474.2
-12843
-12739.7
-11661.8
-12958.2
-12681.7
-11038.4
-12232.7
-12716.5
-12234.7
-11366.8
-10758.8
-12495
-11423.5
-10499.8
-12975.7
-12496.9
-12497.9
-12774.1
-11927.3
-11928.3
-12206.6
-12979.9
-11989.4
-12983.1
-11987.7
-12985.1
-11151.5
-11111.3
-11714.1
-10493.4
-10492.2
-10680.7
-12996.7
-11075.5
-11582.6
-12240.2
-12601.1
-10502.2
-12998
-12679.9
-12644.8
-11477.3
-12109.6
-12111.6
-12111.3
-12049.3
-10533.4
-10595.8
-12654.5
-10855.9
-12177.5
-12659.5
-12229.2
-10880.9
-12923.5
-10909.5
-12125
-10588
-10574.8
-12932.4
-13009.1
-12128.8
-10571.7
-10819
-12995.4
-11515.3
-11509.9
-12353.3
-13051.3
-10712.1
-10945.5
-11718.1
-12993.1
-10577.2
-10577.8
-12373
-10744.5
-10581.9
-11182.9
-11192.4
-11085.6
-12437.7
-11778.9
-11198.7
-12387.9
-12805.1
-12833.6
-11157.9
-10592.9
-13025.4
-12364.7
-13012.1
-12844.7
-13014.3
-11757.6
-12849.7
-12659.6
-10710.7
-11528.2
-11764.6
-12382.5
-13105.7
-10602.8
-12702.9
-11869.2
-11821
-12903.5
-11824
-12433.2
-10609.7
-11188.5
-12401.8
-10760.1
-12747.7
-12712.9
-11159.3
-12855.9
-13113.3
-13112.4
-12373.5
-10716.6
-10784
-10715.9
-12895.5
-12799.5
-10649.7
-11607.9
-11018.2
-10715
-11062
-12225.8
-11065
-11617.1
-11608.2
-10917
-13131.2
-10921
-12240.1
-11069.8
-10681.2
-10857.2
-10678.9
-12931.2
-10810.4
-12428.4
-11054.1
-11818.7
-13100.1
-12205.8
-11818.5
-11204.6
-12895.1
-12520.8
-12948.7
-12484.6
-10855.6
-12484.8
-10690.8
-10902.8
-10697.6
-10863.2
-11751.8
-11242
-11306.4
-13191.9
-10874.1
-10701.7
-11905.9
-11324.7
-11315.7
-10880.3
-10708.6
-10843.7
-11247
-11323
-12994
-11325
-11931.6
-12533.7
-10717.7
-13120.9
-13003
-11939.6
-13008
-12540.7
-10722.8
-11349.2
-11261.7
-13230.1
-12611.2
-11974.7
-11319.7
-11306.7
-10732.7
-10886.3
-13239.4
-12869.7
-12981
-11868.5
-13177.2
-11873.7
-13235
-13185.4
-13184.9
-10884.3
-11458.6
-12337.1
-11501.1
-12883.2
-13204.7
-11729.1
-12349.6
-12349.3
-12289.5
-12974.5
-12890.8
-11736.6
-12351.6
-12357.1
-11194.1
-11732.7
-13223
-11744.8
-11745
-10788.6
-12537.6
-13027.2
-13282.9
-10797.5
-12035.9
-11886.7
-10919.2
-11983.1
-11354.4
-11401.4
-10806.9
-10947.4
-13178.6
-11011.1
-11469.9
-10988.6
-13089
-10816.4
-11421.2
-13097.7
-10989.9
-11426.4
-10820.6
-10998.8
-10823.6
-13224.5
-12923.4
-11327.5
-13319.1
-11447.7
-12852.9
-12642.1
-13326.5
-11452.7
-11007.7
-11371
-13121
-13234.9
-11483.8
-10982.8
-12113.6
-10842.4
-11430.7
-11431.7
-13108.3
-11005.8
-13296.6
-12077.4
-12977.3
-12082.5
-12443.8
-12607
-13343.7
-13290.6
-11986.5
-11412.6
-13098.4
-12408.7
-12434.5
-12043.7
-13357.4
-13106.8
-13108.8
-13024.3
-12053.8
-13114.3
-12962.9
-13366.4
-13312.3
-13313.3
-12425.2
-13314.7
-11029.6
-12638.7
-12975.9
-13130.8
-11501.2
-12644.7
-12042.6
-11452.9
-12657.4
-13140.3
-13147.3
-13143.3
-11102.5
-11074.8
-13180
-10916.7
-10915.8
-13180.3
-10919.9
-10920.9
-11132.1
-12175
-10924.9
-11597.7
-11535.7
-11100.5
-12944.5
-12739.8
-11440.9
-11038
-10934.6
-12183.9
-13435.4
-11111.3
-11551.2
-10939.7
-12761.8
-12061.6
-11482.2
-11077.1
-11138.5
-11507.2
-11108.7
-13271.2
-12198.9
-13219
-11524.4
-11098.9
-13223
-13220.7
-13169.3
-12505.9
-11146.8
-13392
-11087.1
-13172.1
-11489.3
-13175.1
-11603.4
-13177.5
-11604.1
-13452.6
-13408.6
-10978.8
-13466.7
-12109.7
-13469.1
-13471.7
-13472.1
-12127.3
-13474.4
-12128.2
-13477.4
-13229.8
-13081.1
-12743.2
-13406.9
-13432.6
-11025.5
-12542.2
-12140.1
-13437
-11558.6
-12763.9
-11151.6
-11925.8
-13498.1
-13257.4
-13253.8
-11660.5
-12723.7
-13505.5
-12117.4
-11193.3
-13438.6
-13440.1
-12214.1
-11632.3
-11627.9
-11177.5
-11178.5
-13409.6
-13422.9
-11039.8
-12258.3
-11158.8
-13535.6
-11718.7
-11182.8
-12897
-11261.7
-12171.8
-13354.5
-12329
-11704.3
-11219.5
-11062.2
-11061.3
-11223.5
-12848
-12210
-12855.5
-13557.3
-11209.6
-11656.1
-12254.4
-11220
-12257.4
-11071.7
-11075.6
-11238.6
-13340.7
-11078.8
-12865.2
-11676.5
-13350.8
-11199.5
-11720.7
-11676.1
-11251.6
-12268.8
-13359.4
-12059.8
-11096.5
-11211.5
-13391.2
-12182
-13595.9
-13337.8
-13534
-13537.6
-13192.1
-13594.1
-11109.5
-13595.8
-13354.4
-13350.3
-12251.1
-12261.6
-11669.6
-12264.6
-12663.5
-13609.4
-12872.7
-13368.9
-12049.7
-11320.6
-12834.7
-13618.4
-13218.2
-13457
-11257.9
-11261.1
-12293.8
-13254.2
-11271.2
-13414
-12301.8
-12339.7
-11718
-11294.6
-12296.1
-12942.5
-12950.4
-11747.3
-12954.8
-12955.8
-11753.6
-11719.9
-13414.5
-11272.8
-11169.3
-12350
-11335.4
-11766.7
-13670.3
-11177.5
-11174.8
-12226.2
-11789
-11374.2
-13443.1
-12943
-11181.8
-12363.9
-12331
-11348.1
-11187.8
-12948.8
-12368.8
-12377.4
-13608.5
-11352.3
-11756.2
-11357.2
-11793.5
-11724.8
-11345.7
-11773.2
-13472.4
-12354
-13699.6
-11724.3
-12342.9
-11334.1
-11363
-12365
-13663
-13511.5
-11636.9
-11343.1
-11223.6
-13277.3
-11814.1
-12412.4
-13434.6
-11750.2
-11827.7
-13723.9
-11826.2
-13499.1
-12383
-13683.5
-13074.7
-11242.6
-11803.2
-11295.9
-11829.2
-11326.5
-13280.2
-11793.8
-11374.5
-13636.2
-13656.3
-13585.8
-12748.6
-11506.6
-13550.2
-11652.7
-11396.9
-13235.4
-13467.8
-12997.2
-11733
-13521.6
-11357.4
-12358.7
-11542.1
-12563.6
-13463.7
-11407.6
-12854.7
-13399
-11471.1
-13451
-11258.9
-12466.8
-11366.1
-11651.5
-11133
-12955.2
-11723.3
-13488.3
-11265.6
-11091.9
-11390.7
-11064.2
-12089.9
-12777.8
-12899.4
-13427.2
-11568.6
-13491
-10977.3
-11529.8
-11267.3
-11344
-13363.2
-12621.1
-13191.1
-11168.3
-11554.7
-11121.6
-11002.6
-12861.2
-11500.5
-11515.5
-12952.6
-12728.7
-12523.3
-11643.3
-13320
-11137.2
-11690.4
-12800.4
-11100.5
-12892.8
-13162.3
-11702.1
-11376.3
-11074
-10850.4
-13236.4
-10714.6
-12982.4
-13214.1
-12555.2
-10680.8
-11512.9
-12441.8
-12798.5
-12369.8
-12233.6
-13116.8
-11137.8
-11368.5
-12487.5
-13030.9
-13051.7
-13033.3
-10627.2
-12619
-11312.1
-11071.6
-10690.9
-12967
-12862.6
-12636.9
-11578.2
-12384.4
-10700.1
-11680.3
-12891.7
-12844.5
-12012.7
-11284.4
-10980.7
-11463.7
-12793.3
-12608.6
-12822.5
-12773.6
-10414.5
-10809.8
-10925.7
-10692.9
-10551.3
-11611.1
-11171.5
-10783
-11404.3
-10396.8
-11334.8
-11287.8
-10353.9
-12070.8
-10223
-10270.4
-12262.6
-11823.9
-10290.6
-12591.5
-12630.3
-10655.9
-10112.8
-10116.1
-10871.6
-10179.8
-12626.9
-10825.7
-12643.5
-12600.6
-11046.8
-12602
-10402.6
-12304.5
-11254.3
-12122.4
-12557.7
-11961
-11741
-10223.9
-10568.2
-10580.9
-12358.9
-11996.3
-10611.8
-11782.1
-10380.4
-12415.5
-12150.6
-12135.7
-11680.4
-10021.8
-10991.4
-12132.1
-10561.8
-12310.8
-10495
-11104
-9878.07
-10141.9
-9825.49
-11555.7
-12180.6
-11373.7
-9809.81
-12095
-9787.89
-9863.76
-11901.4
-12168.9
-10451.5
-12131.6
-9878.91
-10197.5
-10676.2
-12110.1
-10994.1
-10048.2
-11259.5
-9772.97
-9631.02
-10239.5
-11888.7
-11508.1
-11001.7
-11747.1
-11202.1
-10517.9
-11712.8
-11659.7
-11956.9
-9938.82
-10460.2
-9465.46
-9530.41
-9449.55
-10643.2
-11400.3
-9614.16
-9712.61
-11678.5
-10393.6
-10507.9
-11553.2
-9417.61
-9365
-11707.2
-9316.87
-10315.4
-9328.84
-10583.5
-11713.8
-9458.55
-9266.72
-10790.5
-11074.2
-11767.9
-11093.9
-11647.4
-11738.1
-9577.78
-10733.2
-9564.13
-11012.4
-11007.6
-10922.2
-9711.44
-11343.3
-9273.59
-11605
-10832.3
-11345.9
-11399.4
-9091.38
-9668.4
-11315.1
-11525
-10064.6
-9410.66
-11435
-10944.6
-10392.9
-11347.9
-9462.33
-10564.4
-11105.7
-11155.4
-10053.9
-10269.8
-9360.47
-10926
-10684.1
-9061.86
-10733.7
-10423
-8965.92
-8930.48
-9711.95
-10203.2
-9082.78
-9535
-9528.01
-8821.76
-10987.2
-10946.3
-8831.67
-9727.76
-11187.7
-10409.5
-11169.3
-9777.14
-9653.79
-11141.2
-9450.95
-8761.22
-10360.4
-9265.07
-8836.15
-11061
-10445.4
-8990.94
-9350.16
-10150.4
-9476.18
-9251.68
-10915
-10930.7
-9015.44
-9579.12
-8857.24
-9819.34
-8497.58
-9294.69
-8582.61
-9788.82
-8505.09
-8793.78
-10609.8
-10625.3
-8990.58
-8401.56
-9129.97
-10324.9
-9053.61
-10429.3
-10873.5
-10198.2
-8376.87
-9112.75
-10334.8
-10649.7
-10803.7
-8346.99
-9607.81
-10214.8
-10627.7
-10750.9
-10150.7
-8386.33
-10422.2
-10688.1
-10655.9
-8602.43
-9877.01
-8663.49
-8774.48
-8809.54
-9558.97
-9558.82
-10132.8
-8472.04
-10566.8
-8502.15
-9816.3
-9132.47
-10350
-8080.6
-9176.96
-10471.7
-8942.12
-10248.6
-8086.39
-8341.49
-8286.89
-8769.24
-8296.82
-10448
-9987.2
-8536.92
-10334.8
-10324.8
-10318.2
-9942.35
-7929.79
-9851.93
-8176.66
-7912.17
-8191.74
-10262.3
-8688.44
-10148.8
-10109.3
-8034.6
-8463.68
-7923.14
-8879.56
-10234.9
-9893.04
-8070.2
-8103.52
-8419.95
-10222.6
-10045.8
-9003.42
-7671.13
-7880.94
-8297.7
-8044.23
-8069.31
-9766.13
-8521.2
-9343.66
-10088.7
-7598.43
-10036.1
-8618.25
-10031.9
-9157.63
-8581.86
-7538.97
-8198.62
-9145.07
-9094.89
-7597.92
-9126.77
-9894.18
-9170.85
-9910.58
-9640.9
-7450.08
-7659.31
-9222.63
-7910.19
-8003.85
-9272.58
-9699.54
-7423.08
-7427.03
-9330.24
-9348.11
-7381.01
-8983.43
-9516.07
-9720.27
-9502.69
-9759.93
-7963.92
-8353.92
-7377.11
-7249.25
-9292.37
-7822.21
-8395.87
-7371.86
-8743.17
-9557.69
-9659.1
-7179.16
-9123.78
-9231.22
-9506.85
-9513.51
-8551.22
-9590.5
-7262.35
-8515.66
-9352.5
-7764.88
-7710.62
-7238.92
-7513.17
-9287.94
-7176.51
-8117.36
-7437.39
-9180.79
-9170.79
-8436.72
-7315.45
-7305.45
-9020.36
-6918.47
-8496.7
-7156.48
-9213.57
-7105.38
-8782.52
-9263.46
-9352.63
-7033.82
-8049.15
-8970.32
-7045.72
-6803.74
-8114.49
-6857.21
-8092.38
-6838.88
-8932.9
-8879.44
-8349.29
-7167.38
-6719.12
-7151.81
-6700.61
-8982.85
-8117.66
-6668.29
-9141.34
-6848.79
-9121.09
-8952.13
-9101.07
-6866.54
-8088.76
-6609.25
-7976.35
-6611.83
-8959.19
-6904.11
-8188.32
-6835.76
-8676.6
-8057.19
-7591.27
-6488.1
-6638.35
-8922.28
-7057.54
-8858.8
-8760.38
-6427.9
-8712.47
-6405.32
-7469.49
-7633.75
-6882.25
-8336.19
-6358.69
-6343.47
-6470.26
-8230.91
-6311.78
-8613.06
-6397.84
-8321.77
-6814.85
-7391.03
-8423.3
-8025.12
-6772.6
-8392.66
-8408.1
-8323.78
-8640.74
-6520.48
-6542.1
-6525.42
-8386.06
-6505.42
-6135.27
-6383.58
-8476.5
-8060.14
-6355.63
-8435.95
-7291.13
-8373.32
-7970.12
-6652.69
-7296.71
-8369.96
-6186.79
-7873.36
-6654.45
-8476.7
-6587.1
-7832.08
-7226.46
-6987.47
-6412.76
-7787.52
-6578.99
-6387.23
-8388.08
-8228.01
-6087.3
-8358.14
-6672.59
-8199.28
-6146.96
-8315.54
-7212.55
-7769.92
-5855.51
-7751.03
-7226.19
-5816.17
-6110.28
-5778.47
-7879.16
-8156.46
-7280.55
-7807.18
-8166.46
-7480.9
-7912.17
-6108.63
-5821.8
-6201.42
-6007.82
-7861.25
-6169.15
-7218.4
-7859.08
-6187.49
-5572.24
-5561.29
-5721.45
-6670.05
-7989.61
-7225.88
-5657.04
-7968.82
-7969.95
-7956.64
-7679.62
-7668.5
-7899.06
-7890.56
-5472.68
-7422.53
-7842.04
-5426.32
-7881.85
-5405.74
-5379.54
-6318.33
-6123.75
-5748.42
-7290.99
-5383.05
-7272.12
-6073.75
-7644.25
-5654.05
-7164.23
-5289
-7620.69
-7572.1
-5476.46
-6562.48
-7714.13
-5928.48
-7692.16
-6529.03
-7098.4
-5469.54
-6525.56
-7016.2
-6565.6
-5345.53
-5143.86
-7068.59
-5877.17
-5358.4
-5894.59
-5088.56
-7020.81
-5898.33
-6386.84
-5878.33
-5375.21
-6511.46
-6427.05
-5034.27
-5340.33
-5852.69
-5851.49
-7399.02
-5819.85
-7380.2
-7388.46
-6351.64
-7356.81
-5296.52
-7083.83
-7074.37
-6963.55
-5258.23
-6409.2
-6530.97
-7023.28
-7013.28
-6369.2
-6902.88
-6477.88
-7206.36
-6962.17
-6330.52
-4847.19
-7167.93
-5674.19
-6736.73
-7158.21
-5558.54
-5007.2
-5563.83
-4960.03
-6066.7
-6153.57
-4676.12
-5954
-4943.92
-5408.97
-5918.03
-4592.76
-4583.43
-4616.34
-4949.74
-6906.65
-4590.71
-6882.69
-4782.58
-6456.24
-6856.65
-4541
-5847.97
-6348.74
-5869.03
-5883.1
-5808.97
-6379.47
-4687.73
-4672.93
-5778.82
-6743.74
-4387.12
-6854.61
-6844.95
-4677.81
-4576.1
-5708.82
-4325.77
-4338.28
-6213.91
-4557.73
-5037.25
-5104.89
-4976.78
-4565.17
-6723.81
-6708.43
-4513.56
-4549.13
-5624.15
-6660.85
-4528.94
-4525.56
-4508.94
-4186.48
-5027.87
-5009.07
-5007.87
-6553.52
-4405.86
-6239.58
-6542.64
-5629.96
-5744.46
-6153.09
-4042.37
-4425.85
-5497.91
-4359.68
-6149.18
-5466.08
-4329.68
-5471.12
-3998.12
-3965.57
-5450.07
-6339.5
-5423.35
-4200.36
-5401.12
-4180.36
-5383.35
-5929.28
-6332.87
-6261.15
-5252.49
-4712.45
-3833.55
-5313.35
-3815.57
-4681.25
-5839.28
-3808.86
-4563.25
-3788.86
-5243.35
-4081.17
-3745.11
-5457.32
-5023
-5147.62
-6014.64
-3694.25
-3894.05
-4412.03
-5589.24
-5087.62
-4334.22
-6098.78
-5955.72
-3973.67
-4336.97
-3619.95
-4316.97
-3557.11
-5490.35
-3579.95
-5875.74
-3774.93
-5050.16
-4862.9
-4246.6
-3772.52
-4914.21
-4779.94
-4896.41
-3787.56
-3458.48
-3412.58
-5417.66
-4899.85
-4883.12
-5781.5
-3719.07
-3368.99
-3356.96
-3348.99
-3357.69
-3326.96
-3318.99
-4799.85
-3318.08
-3627.56
-4141.07
-4141.56
-4740.9
-4112.76
-5448.85
-5266.86
-4082.76
-3991.86
-3198.99
-5644.2
-5216.86
-3501.68
-5554.15
-3148.99
-5188.05
-3461.68
-4603.12
-3928.61
-3432.68
-4583.07
-5472.5
-4556.35
-3081.86
-4536.35
-3379.31
-3363.43
-3359.31
-3008.57
-2999.99
-4708.08
-2978.57
-4365.49
-2978.69
-3824.25
-4430.79
-3205.46
-4962.28
-2892.66
-3203.57
-4791.11
-3698.28
-2888.69
-2842.31
-3760.34
-3670.87
-4870.07
-2802.31
-3558.6
-2836.29
-5164.69
-3150.13
-2777.72
-3459.5
-4826.45
-3660.33
-4505.6
-5037.86
-3529.89
-5169.82
-4126.21
-4998.08
-4106.21
-3531.87
-3359.01
-2650.61
-2912.36
-2898.56
-2942.94
-4638.86
-2929.56
-3369.53
-3443.56
-2892.94
-4946.15
-2560.08
-2550.08
-2542.86
-3374.76
-4894.51
-3354.76
-2500.08
-3343.56
-4853.5
-2724.36
-4436.25
-3913.9
-2419.96
-2411.99
-3797.49
-3878.35
-2381.99
-4581.39
-2360.57
-2351.37
-3205.76
-2331.99
-4718.78
-4706.15
-2575.36
-2310.69
-3064.86
-3060.53
-3665.37
-2273.86
-2260.69
-2572.82
-3712.79
-4258.85
-2534.68
-3151.88
-2190.43
-3039.14
-3754.73
-2161.31
-3447
-2163.95
-4132.15
-2391.25
-2800.5
-2393.82
-2090.58
-4530.8
-3369.98
-2062.31
-2444.73
-2855.81
-2021.57
-2885.56
-2706.44
-2239.93
-1992.31
-2025.46
-3400.41
-2169.05
-1950.82
-3426.07
-2786.76
-3221.96
-1910.19
-2231.56
-3364.9
-2211.56
-1861.57
-1851.57
-3887.66
-2112.25
-2163.07
-1831.69
-3287.12
-3837.66
-1801.31
-3266.07
-2606.44
-4223.82
-2562.89
-1733.99
-2596.56
-3198.12
-1726.24
-2559.45
-3177.07
-2539.45
-4056.5
-2526.56
-1976.68
-1655.12
-1901.14
-2481.14
-1656.46
-3123.93
-1572.43
-3015.82
-3061.51
-2419.45
-1525.04
-1783.65
-3455.24
-2958.02
-2813.72
-3835.67
-1475.12
-3414.07
-3801.74
-1452.44
-3347.29
-1741.89
-1424.99
-3805.85
-2275.87
-1676.36
-1384.37
-1656.36
-3819.52
-2145.81
-1626.36
-3789.52
-2190.45
-1590.46
-2786.9
-1294.99
-2157.56
-1274.99
-1604.31
-1274.08
-3282.86
-2107.56
-2013.53
-2708.07
-1202.15
-3412.52
-1456.27
-1577.63
-1471.89
-1487.68
-3461.75
-3598.98
-1124.37
-1133.69
-1810.73
-1402.57
-1083.57
-3077.33
-3106.07
-1078.24
-2532.35
-1035.37
-1359.43
-1068.46
-2445.62
-2480.12
-1860.25
-3448.81
-2973.93
-2359.37
-2841.54
-2375.62
-1201.46
-1781.45
-2946.07
-1235.31
-2616.78
-1658.86
-1198.68
-1133.14
-2813.69
-1624.53
