-1516.56
-1519.76
-3.53008
-737.958
-1300.49
-915.727
1447.52
-1374.89
1313.38
959.22
1483.87
-1187.52
-1154.27
990.786
-368.554
-1321.44
-510.069
-991.98
1466.41
1455.24
1444.23
706.84
618.461
-289.148
-1007.56
-332.689
1334.2
-1500.59
-1082.2
994.528
-537.251
821.301
920.803
-75.6022
-1189.58
-646.31
1158.58
284.269
863.088
397.52
-1218.33
-809.739
-1210.85
251.203
129.068
-157.777
-988.015
-880.942
-1261.73
-603.559
1081.25
1058.5
-1142.6
1004.54
1093.57
-743.948
-842.715
1086.07
882.543
-883.738
-616.947
1104.33
-596.48
213.769
-1059.7
1087.19
164.757
-969.866
-886.395
-1014.03
183.884
385.322
-34.8036
1210.23
-278.132
481.231
1224.45
716.203
1241.87
-931.486
360.831
33.7753
1026.95
-706.763
1312.82
-799.484
1281.38
-209.234
987.839
-232.225
-246.064
1454.95
1338.31
-1052.03
-1043.37
1460.72
-1049.03
-846.566
-984.568
-172.064
1515.33
1425.16
638.204
1406.75
38.2745
-1037.99
-447.301
-734.347
-816.156
-940.428
880.761
1143.26
-641.673
-214.955
-964.041
461.273
1653.42
989.178
1599.08
-825.022
-231.667
1713.8
568.884
-621.111
1770.69
-643.304
213.145
1378.55
-750.859
-581.056
-273.088
1062.71
1301.77
1304.47
-633.507
-428.425
278.578
-515.445
188.553
-202.228
1737.82
1784.28
-560.208
30.5273
-466.858
1455.15
-514.886
-260.835
-204.136
1866.03
1232.5
325.683
39.6826
1688.59
287.512
1943.44
-406.882
1387.73
-388.826
563.085
1557.13
334.678
1716.24
104.839
1878.34
2065.03
1963.95
242.013
1237.28
-337.329
1240.06
495.607
1172.04
1736.31
-320.13
270.81
2008.54
1944.77
649.355
617.032
372.141
322.398
780.501
-223.907
1584.72
2318.13
1899.05
-220.244
2254.9
1467.8
-155.145
521.967
-10.3115
1706.12
2415.54
251.85
2341.95
-155.396
2091.29
170.157
2460.15
89.4746
2409.76
129.605
87.5555
605.906
2348.66
-2.62109
2516.17
1965.42
901.269
1441.55
2078.8
2430.74
918.577
867
435.619
2015.81
1291.73
156.62
2364.7
374.171
709.627
1542.62
578.579
1040.17
312.923
2350.43
1761.8
1169.19
636.367
325.745
1887.7
2035.09
2714.06
989.274
2486.17
2204.95
2747.07
1923.11
388.292
2260.43
630.334
966.717
2505.57
490.528
2358.6
1894.63
1394.67
2412.06
1334.05
482.698
747.265
475.257
815.841
488.391
2311.33
2890.78
980.342
705.163
3016.43
2394.5
2204.79
2684.93
2984.47
3076.63
1649.78
2249.3
2084.66
2549.42
1266.04
1279.97
2921.16
613.411
1830.74
3042.41
666.308
967.596
3179.8
1898.06
1153.71
2276.45
1837.41
3230.52
2149.02
1139.07
1559.14
807.79
2145.01
3050.4
992.202
2643.07
1456.77
2054.15
2762.42
1079.06
3170.39
1760.35
2710.16
925.46
1835.45
1781.71
3401.94
1675.72
3193.07
3379.1
2372.11
1002.14
3449.95
1317.42
1943.14
3441.88
1613.34
1060.71
1242.44
3525.91
1391.52
1335.18
1612.72
1304.3
3360.27
3584.59
3331.38
3375.93
2156.86
1702.66
3587.99
3193.99
1549.28
2046.13
2105.51
2483.55
2193.9
2710.17
2782.25
1589.17
2681.45
2227.09
3544.28
3615.6
3568.92
1376.5
3621.61
1461.58
2342.11
2195.95
3402.87
1798.56
3346.53
2713.82
3420.1
2150.61
3656.35
1819.78
1418.34
1548.83
3970.28
3869.77
3449.46
2322.4
3967.67
1499.47
3939.76
3617.69
2839.47
2178.73
3083.65
2120.16
3852.94
4080.92
1769.32
2224.13
4106.16
2250.95
2267.78
3533.69
1871.32
3824.4
2357.45
3748.94
2215.12
2710.18
3339.78
1766
2418.91
1768.89
1801.58
3622.83
1890.74
3838.18
2735.03
4237.47
4226.25
1845.07
2925.8
4308.69
2227.16
1925.41
1966.58
1932.49
2233.48
2867.04
2551.07
3995.76
3758.32
3234.21
2137.18
3068.39
2167.67
4281.68
2157.69
2197.39
2128.73
2573.31
2227.39
3229.95
2652.99
2649.08
4219.04
3154.34
4535.15
2147.29
2143.95
2422.23
4485.6
2887.1
2854.74
3917.06
4483.46
3657.72
4563.98
4612.43
4383.14
2459.39
3718.65
4657.29
3126.4
3423.55
2493.09
2890.17
3031.41
2429.58
4623.69
4268.21
4054.53
2880.19
3412.81
2887.98
3036.37
2511.27
4586.47
4349.17
4119.59
4402.02
2713.6
3763.53
2994.96
4443.71
4251.65
4084.23
2517.64
3590.94
3456.01
4375.35
3195.08
2692.38
2689.9
2645.1
2900.48
4036.21
4080.88
2401.18
3672.64
3111.98
4477.87
2402.71
4091.78
4568.11
4576.81
2566.64
2171.55
2476.79
3703.75
3146.33
4541.73
3732.89
4381.9
2472.27
3222.9
2199.99
4125.8
2136.83
2501.09
2058.44
3544.85
2803.54
4379.41
4568.94
3609.39
2577.29
1959.18
2868.03
3910.57
3382.93
2012.2
1897.19
4485
4404.91
1861.32
4505.81
3764.83
4491.33
3347.96
4270.09
2163.72
2043.53
1974.83
3970.74
4419.41
4071.74
2170.34
2463.21
2950.62
4342.29
4041.63
2051.54
4124.65
2282.25
2331.24
1925.12
1725.47
1809.41
1808.39
3849.23
3497.94
2174.31
4189.65
1723
3131.75
3678.13
1709.1
2129.57
4110.79
1708.19
1696.9
1839.05
3866.55
2485.47
2269.07
1834.52
3866.08
3992.55
3698.36
1924.78
2269.81
3907.64
1594.78
3939.21
2669.53
3775.96
3123.9
3872.4
3760.18
2194.16
3897.7
3885.74
1527.54
3605.46
3465.8
3775.08
2278.18
3393.37
2590.47
2901.38
1396.99
2202.04
2805.2
3608.03
3225.11
2458.52
3387.76
2828.18
3803.11
3447.8
3050.41
1238.66
3199.9
3747.48
1218.69
1157.44
2516.31
2809.27
1125.03
2542.21
1184.06
2423.67
3479.74
1939.32
3657.09
1618.36
2707.79
3555.18
1044.45
1835.53
1821.63
1369
2711.93
2228.59
1166.6
1627.95
1599.1
1540.29
1117.27
2091.55
2127.99
1091.7
1070.99
1068.29
1048.66
969.742
1132.73
3298.95
2174.85
2303.09
3271.47
1376.41
1055.74
3264.55
3299.4
1327.41
2888.36
3088.38
3245.51
1745.23
1648.8
1310.56
1425.28
3131.99
1035.46
3047.65
2576.84
856.068
1888.88
725.547
1666.08
2708.08
1390.3
1882.3
1198.24
794.117
780.501
767.007
2848.37
763.705
2417.12
1706.34
831.987
3047.25
3039.58
919.022
530.5
1366.35
2455.14
2325.76
1633.51
2531.05
2065.72
523.095
542.464
1758.15
2921.83
469.428
463.587
2806.56
1841.1
2850.56
2132.41
891.315
320.034
2594.01
2120.14
517.808
1727.02
1676.35
893.938
804.878
2727.8
1327.42
790.256
2382.33
2677.86
1884.31
2654.21
1926.63
2651.62
2613.68
323.435
720.731
1341.04
663.341
717.287
991.871
142.644
197.801
553.988
2466.55
1494.41
1782.14
2153.47
976.963
569.581
512.555
1803.31
1520.64
2327.66
2247.32
2399.29
2419.52
1585.15
1677.89
691.666
260.251
-1.58496
1252.7
1298.59
2350.81
2348.99
2115.06
-130.831
475.812
1048.14
2.7334
2304.32
-192.657
1550.53
878.029
-227.763
841.658
529.138
1201.59
1195.9
-1.05249
928.515
2213.78
-35.3798
874.254
2150.25
-349.728
1330.59
-309.938
581.159
-390.542
433.466
2117.67
1968.91
-364.447
953.106
1261.65
2050.35
1135.83
2023.48
1284.65
1463.77
-423.674
1756.6
1516.78
1883.89
260.704
-111.013
-273.705
772.061
-517.901
-311.515
-581.544
-325.284
766.516
1433.26
1860.82
1741.99
777.329
-373.495
1688.97
1675.04
449.275
1489.94
1758.84
308.02
-584.443
946.447
811.04
-736.718
1495.89
1513.19
982.847
1466.09
-364.127
1654.77
-769.06
-470.64
-374.108
1567.25
1555.86
-868.931
243.558
-765.355
1500.48
1558.3
1314.3
-362.149
-927.893
150.607
987.283
1446.17
1373.85
1486.07
-423.57
-872.692
-1033.59
743.445
1136.05
-1065.94
-443.16
-563.814
-1015.95
1356.06
-638.454
-1095.01
-1078.91
1346.24
-1153.93
-1089.47
-320.523
687.86
1316.37
151.195
328.534
130.043
717.489
-496.493
-1133.68
-1262.71
-1055.87
1200.72
883.207
-774.709
-1205.48
359.924
-270.257
-1343.53
828.113
-1236.26
1087.38
-790.467
-869.566
1062.32
202.119
-369.471
1033.22
1023.22
1010.31
-969.881
983.596
-316.735
648.383
966.994
-573.706
97.4391
805.834
601.717
273.406
930.024
293.298
-90.7202
-1533.2
-769.849
843.166
-1588.55
771.476
-1388.83
-788.236
759.204
-1633.28
-658.818
507.268
769.297
732.79
-635.888
-1227.72
-1579.62
412.247
-1756.01
-132.336
-1619.38
376.512
-1306.66
382.558
-751.131
-1343.35
-782.683
-1810.18
627.131
-320.995
-1492.95
-213.777
-1844.63
-1684.01
-932.866
-1677.37
-137.476
46.157
-1113.15
27.157
-1236.1
420.417
-1256.1
-1787.22
346.358
-78.8035
-481.978
-694.421
-1316.89
-135.874
-1825.89
-986.816
-1056.4
-1310.66
137.372
-2125.73
-475.138
-2142.97
309.403
-1686.89
289.403
-1136.65
-2191.36
-1097.41
-1729.18
-549.209
-1851.36
-642.353
-2170.17
-1725.52
-1348.45
-963.656
-2047.35
-2216.83
-1677.51
-2317.95
-19.5128
25.1013
-1671.42
-2016.52
-1555.97
-2331.78
-961.306
-1389.62
-2055.85
-2411.24
-2024.5
-2034.5
-341.94
18.9979
4.33362
-4.35474
-2117.02
-2126.24
-981.373
-991.373
-448.85
-461.047
-1016.91
-83.0565
-2194.68
-154.75
-365.344
-171.52
-131.134
-395.835
-2627.15
-516.764
-2584.67
-1167.7
-2021.11
-2673.84
-2621.89
-2652.59
-920.321
-1061.71
-239.913
-746.681
-764.279
-263.963
-1352.88
-2493.69
-866.456
-1500.51
-2053.75
-320.878
-470.592
-469.173
-498.832
-2612.89
-2147.45
-528.832
-1545.66
-550.677
-2190.35
-1885.2
-2505.17
-1012.56
-2703.64
-1357.06
-2241.64
-2734.07
-2558.55
-1085.5
-2578.55
-1687.38
-3021.31
-2959.83
-565.64
-2107.43
-580.003
-761.766
-596.778
-1815.22
-797.563
-628.445
-644.703
-1232.66
-2812.91
-2849.02
-1337.36
-2366.25
-1186.34
-3169.9
-1577.62
-1644.95
-1858.47
-1877.65
-1672.7
-3191.36
-1902.38
-836.411
-2879.94
-3032.93
-2552.7
-2901.23
-3261.63
-3271.9
-1768.21
-3094.99
-2956.49
-2633.92
-2639.56
-2437.64
-3342.42
-3408.6
-3016.49
-3428.22
-3036.49
-3448.6
-2108.25
-3469.53
-1131.96
-1705.03
-1512.58
-3498.47
-2116.35
-1153.5
-1560.16
-2755.71
-3275.84
-2325.24
-2262.27
-1238.5
-3392.93
-1323
-1267.5
-3368.79
-2396.95
-2280.39
-3447.71
-2383.78
-1191.44
-3477.71
-3492.97
-3030.1
-1840.84
-1860.08
-3061.49
-1440.79
-1273.16
-3774.64
-1912.37
-1304.23
-2369.82
-3724.71
-2536.96
-1961.37
-1527.86
-1490.94
-2494.75
-1609.52
-3641.87
-2513.57
-2534.75
-2441.12
-3200.77
-3260.56
-1454.3
-3095.15
-2544.88
-3786.52
-1694.97
-1611.81
-3982.11
-1726.11
-2604.88
-2036.41
-3741.24
-1763.01
-4019.32
-2076.41
-3226.74
-3281.33
-2107.49
-3088.9
-1642.4
-1755.03
-3921.25
-3746.08
-3418.63
-2127.99
-2545.55
-3441.99
-4192.99
-1806.43
-3205.41
-2296.76
-3496.56
-2895.25
-3514.28
-2236.23
-3986.55
-3273.56
-2950.52
-3450.48
-1831.25
-2452.11
-2085.02
-4334.07
-4345.3
-3570.44
-3589.16
-3590.44
-2560.63
-4124.52
-1928.49
-2111.14
-2412.75
-4209.57
-4465.89
-3109.57
-3015.66
-2149.86
-4290.97
-2626.57
-3231.78
-2169.98
-2658.84
-4558.59
-4476.13
-4360.31
-2090.16
-4591.64
-2727.08
-3928.49
-3243.51
-3264.69
-2325.86
-2159.52
-3978.49
-3908.63
-2191.23
-2200.6
-2385.86
-4710.08
-2849.37
-2415.86
-2869.37
-4120.29
-2277.13
-4343.34
-2987.54
-4548.87
-2840.46
-2496.77
-4485.96
-2840.96
-2844.45
-3014.62
-3626.75
-3442.63
-3459.98
-2508.81
-2523.03
-4458.81
-2441.66
-2553.03
-4486.89
-3373.21
-4704.23
-4103.96
-4957.84
-4989.14
-2517.13
-4266.86
-4246.56
-4227.47
-2717.81
-4558.35
-2817.63
-3722.09
-4667.38
-3883.06
-3043.83
-4861.89
-2843.99
-3074.72
-4504.62
-4398.23
-3999.21
-3018.46
-4065.26
-4268.82
-4895.15
-4902.29
-4489.03
-4533.55
-3020.95
-2961.36
-2768.51
-2770.77
-4831.11
-3110.76
-3762.66
-4445.61
-4871.49
-3816.36
-4765.74
-4119.95
-4631.42
-3023.04
-2667.18
-4085.85
-4113.41
-3169.7
-2815.83
-4433.4
-4304.33
-2636.76
-2613.04
-4634.72
-3458.48
-4833.63
-4853.25
-4250.73
-2706.87
-4675.91
-4898.44
-2816.99
-2496.32
-3800.28
-2514.51
-3534.76
-4101.11
-4881.55
-4884.61
-4050.97
-2501.08
-3832.23
-2747.04
-3923.58
-2416.39
-4907.99
-4517.97
-2389.52
-4897.05
-3291.01
-2450.85
-4777.27
-4900.78
-2474.96
-4332.85
-2638.49
-4803.77
-2722.05
-2314.62
-4846.14
-2963.3
-2298.02
-4672.59
-2835.07
-2547.09
-4842.86
-3266.36
-2471.01
-3583.9
-2442.21
-3230.41
-4252.93
-2647.33
-3989.26
-4919.8
-3542.16
-4125.13
-2499.56
-3077.96
-4905.27
-3008.62
-3004.97
-3852.71
-4292.3
-3389.47
-2904.78
-3841.08
-4316.26
-4321.55
-4973.12
-3107.4
-3645.01
-2600.2
-4407.52
-4759.94
-2653.16
-3564.96
-3209.38
-2628.3
-4754.75
-4849.03
-4581.92
-2886.36
-2745.86
-2723.42
-3764
-3990.25
-5001.35
-3785.56
-3732.09
-2642.69
-2657.29
-4806.61
-4566.57
-2919.77
-5091.64
-4911.07
-3811.72
-3652.6
-4467.09
-3070.67
-5043.97
-2858.11
-4089.46
-2922.18
-4963.69
-3300.81
-3309.18
-2695.33
-2716.45
-3075.19
-5111.69
-3918.15
-3311.78
-3355.69
-4954.92
-2716.81
-2845.04
-4959.41
-2845.07
-4537.69
-2913.66
-3591.49
-5017.92
-4420.68
-2793.1
-2975.54
-5127.87
-4625.25
-2631.49
-3489.27
-2815.06
-2729.74
-2607.35
-3003.99
-5145.86
-3025.52
-2619.13
-4595.39
-2612.53
-4978.2
-3576.33
-4369.19
-4807.76
-2756.37
-2871.77
-4842.42
-3441.82
-4207.81
-2661.14
-2856.3
-5000.32
-3409.53
-5043.84
-5032.14
-3985.11
-3386.24
-5180.95
-3067.2
-3097.95
-3051.35
-5135.63
-2792.56
-4313.7
-4497.39
-3682.59
-4213.25
-2795.58
-3834.35
-3274.98
-3311.76
-2749.32
-3546.34
-4703.74
-3491.22
-3028.37
-2905.58
-2904.32
-4892.3
-2933.07
-3053.15
-3168.33
-5157.15
-5154.43
-2835.85
-2755.63
-4985.33
-4724.89
-4556.17
-5227.35
-4607.78
-3348.72
-5104.81
-2848.39
-3397.2
-2936.94
-4793.02
-2832.03
-3993.97
-4242.42
-5235.52
-5148.95
-3735.4
-2789.93
-2770.88
-2769.89
-3041.93
-3017.21
-2847.01
-3893.59
-2842.06
-4495.3
-4600.06
-3007.44
-2783.27
-2762
-3467.48
-4982.19
-4771.9
-5265.68
-2831.25
-2963.87
-3433.71
-4888.73
-2768.17
-2928.18
-2781.54
-4316.38
-2880.61
-2913.1
-4978.17
-3289.06
-5240.43
-3768.82
-5026.71
-4918.12
-3878.78
-4377.61
-2922.72
-4442.13
-4451.91
-3490.76
-3417.26
-3319.58
-3407.85
-5051.97
-2847.99
-5279.26
-5263.63
-3400.01
-4540.58
-5057.82
-3629.81
-5079.11
-5296.01
-2978.55
-3046.32
-5261.25
-3725.11
-3530.61
-4809.55
-2864.07
-3356.93
-3051.51
-5307.2
-3499.62
-4336.6
-3775.53
-4396.23
-4615.18
-4987.48
-5271.28
-2822.18
-4435.33
-4483.45
-3282.57
-5317.04
-2811.34
-4351.06
-4966.91
-3935.1
-3240.58
-4267.23
-4762.88
-5083.13
-4443.55
-3193.67
-2833.62
-4842.8
-3387.7
-5350.13
-4421.26
-4818.67
-3164.6
-4472.42
-2915.94
-2963.97
-4277.78
-4986.88
-3244.27
-3725.72
-4364.81
-5418.91
-4215.02
-3607.17
-5417.55
-2952.62
-3040.61
-3061.44
-3092.7
-4880.52
-3334.44
-4393.61
-4428.72
-4978.73
-5375.49
-3648.04
-4912.59
-5238.3
-4862.64
-3189.51
-3937.75
-4772.72
-4659.99
-4255.55
-3577.84
-5506.76
-3329.24
-5010.87
-3938.46
-3077.12
-3211.12
-4838.82
-5244.63
-3325.12
-4048.97
-5384.33
-3878.14
-3349.32
-4915.74
-4808.54
-5470.33
-4531.33
-3826.86
-3220.28
-3223.51
-3629.32
-3728.65
-5517.53
-3142.27
-3266.06
-4480.25
-5449.83
-5282.73
-5207.07
-3435.89
-5638.22
-5011.61
-4387.6
-5456.94
-4188.84
-3503.29
-5515.52
-3573.9
-5408.31
-3997.88
-5594.97
-4462.12
-3294.74
-5439.9
-3974.87
-5817.74
-4612.35
-4995.87
-5724.91
-5028.76
-3469.21
-5782.25
-5854.59
-4988.89
-5472.81
-3375.69
-5721.25
-4753.81
-5908.72
-5796.96
-4738.5
-5309.3
-3425.62
-3594.95
-4475.37
-4634.47
-5417.32
-5249.36
-4882.96
-5609.34
-3739.84
-5652.93
-3812.07
-4771.46
-3608.22
-4868.09
-6056.86
-3977.55
-4433.87
-4347.75
-4991.42
-3681.94
-5961.38
-5169.87
-5559.5
-5468.62
-4258.33
-4410.66
-3866.27
-3803.68
-4180.72
-4252.57
-5402.58
-5735.77
-5366.49
-6207.92
-4074.96
-6209.08
-5855.12
-4758.41
-6053.3
-3868.26
-6308.22
-4676.69
-6141.43
-4372.46
-4967.04
-3859.98
-4884.48
-4008.52
-5063.65
-5129.25
-5701.7
-5770.2
-4500.68
-6400.42
-5997.27
-4391.78
-3949.44
-3967.97
-6063.66
-4834.35
-4499.41
-6127.52
-6151.9
-5134.6
-6569.59
-6141.49
-4266.84
-4952.32
-6126.08
-6287.38
-4111.49
-5194.66
-5995.18
-4435.41
-4461.8
-4474.71
-6512.54
-4949.64
-6437.93
-4247.13
-6037.71
-4211.88
-4918.27
-4805.67
-4239.51
-5883.99
-4262.22
-5907.91
-5470.25
-5510.51
-6073.65
-4537.69
-5519.29
-6188.68
-5592.78
-6647.85
-6748.15
-6772.72
-4750.57
-4440.29
-4742.7
-5201.94
-5265.42
-5910.97
-6831.2
-6933.45
-5962.7
-6298.33
-6281.7
-6924.22
-6985.78
-6990.46
-6762.12
-5660.99
-4863.51
-6841.21
-4558.32
-6892.71
-4678.52
-5535.26
-7091.92
-6243.16
-5234.8
-7091.43
-4909.02
-6557.98
-6936.03
-7056.23
-7065.12
-6074.62
-4683.93
-5329.06
-7208.44
-4710.83
-7183.43
-6776.18
-6922.41
-5060.15
-4811.77
-6210.16
-5127.32
-7178.47
-7231.2
-5467.42
-7050.43
-5281.41
-7062.61
-5868.9
-5711.08
-6859.67
-7325.34
-6724.3
-7242.47
-6595.75
-7343.88
-5759.23
-5048.65
-6753.91
-5855.87
-6661.58
-5194.61
-7298.66
-6912.71
-5053.38
-5397.5
-5217.65
-5814.56
-6804.63
-7515.44
-6526.31
-7532.83
-7485.89
-7233.96
-6764.75
-6875.03
-5333.07
-6833.78
-5820.4
-5272.04
-5381.74
-5180.73
-5286.64
-5672.32
-7312.28
-5515.67
-7676.74
-5894.53
-7748.84
-5901.68
-6533.4
-7448.44
-7456.9
-7390.33
-6468.03
-7592.71
-7732.28
-5691.78
-7812.42
-6910.57
-7101.09
-5457.03
-6821.58
-5667.09
-5615.63
-7473.56
-5831.59
-7934.55
-7192
-7078.35
-5574.76
-5549.47
-6788.79
-6270.8
-7859.42
-5557.6
-7842.22
-7525.96
-7880.1
-6287.03
-5842.61
-7912.23
-7476.9
-7541.65
-7012.11
-7948.13
-7292.09
-6042.37
-5708.63
-8010.29
-5769.61
-5862.39
-7345.92
-8152.56
-7142.1
-8030.8
-5795.57
-7942.49
-6453.98
-8158.31
-6174.5
-7363.55
-6790.41
-7816.81
-8261.17
-7133.15
-5889.18
-6910.83
-6303.9
-8042.39
-7897.86
-6376.98
-5889.78
-6151.15
-5913.01
-6366.28
-5930.77
-6939.74
-8418.07
-6126.17
-6705
-6231.4
-7835.48
-6041.84
-6419.11
-8104.56
-6080.32
-6080.54
-7471.73
-6137.03
-7407.2
-6356.13
-7611.6
-7670.46
-6528.28
-6488.59
-8278.61
-6348.26
-6264.13
-6257.89
-7457.32
-8361.1
-8252.18
-6598.13
-6505.41
-8083.93
-6764.86
-8526
-8476.83
-7786.41
-7165.33
-6816.46
-8447.1
-8162.58
-7049.33
-7397.81
-8304.14
-6869.1
-6464.77
-7643.82
-8365.39
-7136.73
-8216.09
-6984.02
-7579.05
-6124.85
-6928.11
-6252.59
-6731.01
-8405.43
-8372.43
-6304.11
-7907.46
-8490.26
-6063.08
-8146.3
-6164.75
-6587.68
-8458.37
-8139.07
-8564.85
-7166.93
-7402.64
-8220.07
-5940.11
-6499.9
-8492.98
-7110.96
-8552.54
-5956.8
-8043.98
-5926.52
-6055.95
-7514.5
-8572.35
-8433.98
-6331.72
-6778.48
-7508.61
-6424.97
-7318
-6213.01
-5945.68
-7001.41
-7601.77
-8163.81
-8113.41
-8097.63
-6288.45
-7403.88
-8577.31
-8581.14
-8588.67
-6710
-6370.54
-6136.95
-8322.22
-8583.3
-6786.37
-6176.13
-6193.92
-6796.03
-6522.25
-8521.45
-6232.85
-8584.8
-7065.98
-6346.45
-6834.17
-6380.3
-7815.58
-7440.82
-8272.12
-8415.53
-7313.09
-7917.85
-6386.5
-6336.07
-7566.37
-8176.15
-6652.33
-8201.14
-8315.06
-8243.17
-6265.58
-8516.29
-7522.43
-8394.03
-6538.94
-6224.81
-8472.31
-6210.61
-7181.02
-6406.22
-6425.09
-7533.79
-8459.54
-6148.88
-7067.12
-8580.67
-8596.51
-6321.11
-6879.53
-7121.9
-8656.6
-7477.73
-8092.94
-8635.37
-7896.77
-6951.25
-8435.61
-6970.55
-8554.33
-8442.49
-6208.56
-8530.63
-7768.46
-8539.26
-8306.25
-6127.17
-7914.67
-8354.63
-8309.8
-7414.99
-8042.7
-6155.02
-8495.65
-8654.31
-7991.23
-7348.9
-6172.19
-6189.61
-6817.6
-6655.87
-6844.36
-6718.96
-6386.98
-8680.13
-8369.03
-7030.52
-6901.51
-7752.91
-6348.18
-7623.26
-8208.78
-6406.16
-7404.09
-6906.18
-8550.06
-8267.4
-8667.23
-7399.56
-8412.68
-6619.77
-7592.04
-7330.53
-6578.21
-6954.28
-6763.65
-8196.64
-6737.41
-8227.44
-8332.47
-6933.02
-8503.5
-6320.71
-6988.68
-7171.64
-7878.93
-7913.48
-8711.01
-6575.23
-7857.46
-7240.04
-7246.31
-8759.22
-7315.66
-6292.19
-7217.04
-8172.16
-6997.42
-8776.42
-6367.86
-8464.98
-7307.9
-8545.85
-8657.83
-8685.27
-8240.36
-7240.28
-8315.46
-6981.81
-8774.84
-6855.33
-6425.46
-6232.53
-6495.46
-8775.93
-8191.89
-6422.42
-7746.18
-6505.42
-7715.04
-8707.25
-6377.32
-7952.76
-7721.64
-7801.15
-8593.72
-7917.6
-6326.83
-7827.87
-6608.84
-7732.04
-7133.14
-6698.57
-8735.79
-8826.84
-6672.68
-8561.76
-7372.41
-8833.82
-6515.52
-8029.87
-8216.89
-8842.3
-7191.13
-8486.45
-8739.45
-6630.78
-6993.75
-8797.33
-7223.98
-7805.9
-7039.43
-7407.52
-8777.21
-6525.93
-8339.73
-7173.08
-7782.03
-7754.46
-8177.66
-8444.62
-8729.1
-8430.36
-7313.18
-7829.51
-7880.43
-6503.34
-6516.14
-7681.31
-7565.91
-8504.68
-6394.29
-8578.01
-6390.95
-8802.85
-8823.61
-8868.19
-7088.79
-6371.13
-7081.59
-8691.69
-8367.58
-8409.56
-6578.85
-8687.7
-6411.59
-8902.34
-7760.98
-8904.21
-6494.8
-8412.94
-6371.5
-7077.7
-8198.99
-6396.05
-6801.99
-8897.86
-8633.64
-8464
-8245.98
-8924.17
-8923.16
-8436.07
-6403.73
-7883.58
-7992.65
-6442.07
-8870.8
-6450.8
-8850.75
-7390.83
-8856.83
-6541.03
-8208.1
-8628.53
-7425.95
-7134.66
-7317.45
-8758.2
-8804.6
-7906.61
-8907.05
-8242.42
-8941.55
-7485.88
-7589.3
-6512.62
-6819.55
-8753.65
-7285.51
-8410.43
-6682.13
-6611.21
-7008.85
-8882.89
-6535.78
-6625.56
-6533.72
-8972.83
-6945.33
-6743.35
-7297.37
-8170.68
-8395.78
-7009.18
-7179.61
-6518.05
-8533.89
-7142.81
-8795.94
-7285.92
-8486.67
-6514.66
-7948.78
-7865.04
-7803.22
-8459.69
-9006.99
-9008.34
-8176.81
-8780.4
-8020.73
-9006.53
-6748.41
-8531.24
-7896.05
-7318.92
-7013.9
-8996.74
-8512.33
-7693.33
-6560.12
-8438.95
-9018.76
-8826.97
-7229.63
-6910.88
-8668.11
-8306.26
-8721.84
-8112.62
-8712.42
-6864.6
-7513.11
-8539.99
-6847.57
-7202.71
-7849.17
-8908.29
-7935.16
-8890.96
-8917.4
-7881.98
-8892.36
-6598.61
-8925.53
-6937.52
-6587.39
-8191.05
-8648.75
-7749.03
-8708.71
-8758.38
-7191.66
-9070.9
-8774.1
-8945.01
-8653.21
-6640.31
-6940
-7318.28
-8823.47
-7811.67
-6632.29
-6629.08
-8620.92
-7053.99
-9032.24
-7554.62
-6722.31
-7049.74
-8078.98
-8604.69
-7898.14
-6626.82
-7888.78
-8930.1
-6727.84
-8929.3
-8982.01
-8987.41
-8924.15
-7881.05
-8870.5
-8631.48
-8643.33
-9040.66
-7336.89
-7400.72
-7392.62
-9118.72
-6965.68
-9014.12
-7226.96
-8327.01
-6773.46
-7710.94
-8715.04
-8044.04
-6677.52
-6668.76
-8705.51
-8564.13
-9011.89
-8893.15
-9142.16
-8145.77
-8985.55
-7913.71
-6737.61
-6900.57
-6652.36
-6649.16
-8278.38
-6743.68
-8418.79
-8267.3
-8751.02
-7180.03
-8800.22
-9113.68
-9119.74
-9098.91
-7099.21
-6909.16
-6693.05
-6697.42
-8428.9
-6711.05
-8480.69
-8226.15
-8182.47
-9178.94
-6971.24
-6758.87
-7573.4
-6767.71
-7050.02
-7558.15
-8664.92
-9132.63
-8644.97
-7257.29
-7904.68
-8382.43
-7950.99
-6731.07
-7948.81
-9205.21
-9199.65
-9201.92
-7697.73
-7028.82
-7113.63
-7641.62
-9131.68
-7645.87
-7533.44
-7642.38
-6972.86
-8218.77
-6815.27
-8772.35
-6756.23
-7097.93
-8255.14
-8568.52
-9144.19
-7059.19
-8540.71
-6933.78
-7934.39
-9231.16
-6858.55
-8504.02
-7891.38
-8990.02
-7022.34
-8206.12
-9247.94
-6801.12
-7567.78
-9177.85
-7001.51
-7137.22
-6812.22
-7534.86
-8525.79
-8790.87
-9053.52
-9192.8
-6799.53
-8667.08
-6773.85
-6974.94
-6884.53
-6888.28
-9084.81
-9053.21
-9086.86
-9282.29
-8037.13
-6796.08
-7696.79
-8596.57
-7938.18
-7659.24
-8600.28
-7548.76
-8891.77
-8168.19
-8797.13
-8799.13
-7115.29
-9303.05
-7160.75
-7667.81
-6862.9
-8153.42
-9202.97
-6857.07
-9037.83
-8004.06
-6993.2
-7412.98
-6835.87
-7890.11
-8054.54
-6964.39
-9051.9
-7019.66
-8561.56
-9091.36
-7020.74
-6970.42
-9332.37
-8019.56
-7002.67
-9330.7
-9108.38
-9335.18
-9336.18
-9113.39
-7339.15
-9083.37
-7975.36
-7022.25
-7979.3
-7395.81
-7023.35
-6851.19
-9347.24
-6998.02
-8652.22
-7135.29
-6856.94
-8842.07
-9152.68
-8326.24
-8319.56
-6885.63
-9259.03
-8966.4
-7762.91
-8941.36
-8235.64
-6894.6
-8901.67
-6932.08
-6899.6
-8861.28
-7030.1
-9296.32
-8355.2
-8105
-8361.04
-8104.96
-9175.61
-9383.51
-8709.43
-7516.97
-7518.97
-9314.73
-9180.63
-9400.79
-8713.57
-8844.76
-9395.46
-8324.13
-6951.48
-9227.04
-9300.79
-6961.86
-6970.44
-9333.41
-6977.96
-8964.39
-9299.83
-9425.28
-9320.5
-8940.32
-9231.05
-7256.62
-6945.99
-7532.11
-9200.12
-8717.43
-8122.94
-7441.37
-7481.73
-8063.73
-8062.8
-7574.67
-9177.1
-7130.69
-8686.12
-7483.8
-8085.57
-7090.46
-6960.04
-7574.54
-6960.97
-9193.27
-6962.97
-7138.16
-6963.9
-7507.56
-7139.25
-7496.9
-8737.85
-7113.86
-7116.8
-9225.92
-6969.85
-8854.01
-7821.25
-9477.48
-9005.34
-9419.59
-7008.93
-7871.57
-7341.63
-7863.63
-8431.59
-7337.27
-8497.89
-9059.16
-7745.46
-8398.15
-7039.98
-9318.98
-7022.34
-7932.12
-7915.09
-7430.83
-9386.9
-7068.81
-9251
-7093.22
-7817.95
-7310.82
-7348.07
-7316.91
-9013.72
-7322
-9010.77
-7411.84
-8465.03
-9390.36
-9047.02
-7898.36
-9084.47
-9447.79
-7081.5
-7082.56
-7086.54
-7710.23
-9406.95
-8489.55
-9123.43
-9024.04
-9344.16
-9345.76
-8157.42
-9009.46
-7683.57
-9309.4
-7062.81
-7063.81
-9120
-9477.75
-7636.36
-8843.56
-9554.32
-8844.11
-9323.63
-8839.07
-8845.21
-8239.34
-7727.31
-8009
-9326.12
-7649.91
-8852.21
-8242.09
-9454.79
-9297.82
-9505.42
-9334.25
-8968.54
-7918.45
-9586.8
-8313.56
-9489.75
-8911.39
-9114.65
-9495.66
-7414.23
-8027.93
-9602.18
-7489.69
-7135.27
-7986.91
-9158.22
-9365.34
-8601.97
-9170.54
-9172.54
-7988.3
-9173.33
-7987.98
-7175.2
-7155.8
-7165.22
-7169.52
-7471.16
-8625.06
-8007.58
-7166.63
-7456.41
-7478.46
-7973.17
-7183.36
-8005.67
-8018.58
-7485.77
-7181.65
-7985.44
-7190.1
-9124.3
-9556.01
-9201.69
-8548.2
-7452.89
-9473.47
-7185.73
-8438.34
-8609.12
-8602.42
-7797.07
-8610.93
-7197.91
-9453.86
-9663.6
-8002.39
-7994.45
-7174.95
-9189.53
-9565.01
-7802.66
-9471.16
-7182.27
-8339.54
-9670.32
-7949.09
-9579.46
-8629.61
-9198.69
-7380.94
-9515.01
-9584.52
-8289.94
-8575.23
-9027.19
-8441.97
-9699.09
-9210.69
-9696.41
-9034.19
-8420.82
-9701.42
-7825.85
-9221.93
-9220.69
-9082.91
-9708.42
-9610.2
-8043.25
-9227.69
-9712.6
-9511.56
-7255.33
-7253.38
-7258.33
-9517.25
-9661.79
-7899.26
-7615.32
-9496.93
-8113.24
-7907.55
-7260.58
-8725.55
-9294.12
-8726.33
-7595.05
-9290.78
-8080.9
-7282.63
-9662.83
-7601.63
-9640.56
-8129.92
-7598.07
-7606.93
-8743.33
-8097.17
-8658.36
-8184.06
-9754.25
-7311.79
-7314.21
-9313.55
-9136.06
-7304.43
-7332.97
-9682.36
-9534.97
-8671.03
-9570.86
-9709.14
-9675.73
-9693.18
-7351.63
-7350.3
-8813.53
-7902.17
-8603
-8445.6
-8035.01
-7394.15
-7738.06
-7751.54
-8782.02
-9178.26
-7899.19
-8169.35
-9574.5
-8853.29
-9026.45
-9072.56
-8644.03
-9234.73
-7677.31
-8159.68
-8135.35
-8660.19
-7727.43
-9095.44
-7246.96
-7853.37
-7828
-8904.11
-9036.94
-8921.89
-8643.82
-7286.88
-9085.02
-8195.24
-9469.1
-7054.79
-8873.97
-7034.42
-8443.95
-8158.13
-8976.04
-7021.15
-7177.91
-7881.87
-8283.93
-8829.79
-7941.61
-6871.29
-9424.02
-7083.36
-9467.83
-8718.08
-7117.37
-8959.17
-6802.87
-7188.78
-8855.3
-9392.44
-7694.88
-6851.03
-8270.33
-7469.24
-8682.76
-8259.87
-7198.22
-8351.95
-6886.99
-8884.7
-9285.51
-7974.08
-7313.09
-6990.28
-6781.54
-7600.39
-7203.3
-6669.47
-6668.5
-6669.06
-6668.05
-8387.3
-8653.24
-7522.04
-8670.94
-6659.87
-7255.66
-8174.47
-8496.73
-7884.92
-9047.18
-7659
-7128.27
-6677.76
-7880.43
-6735.1
-8965.63
-7342.09
-6749.58
-7269.02
-7888.02
-8615.28
-8823.67
-6924.73
-6676.81
-7478.51
-6541.28
-6495.03
-8210.92
-8263.18
-8824.52
-8315.04
-8102.09
-7280.23
-6494.24
-6668.1
-8799.32
-6829.15
-8062.57
-7000.12
-6325.84
-8752.33
-8775.83
-6710.06
-7035.07
-8557.62
-8758.59
-7974.98
-7988.12
-8609.82
-8181.32
-6212.56
-6552.62
-8092.29
-6996.47
-8224.18
-8499.54
-8603.91
-6976.35
-8664.41
-6668.53
-6166.32
-6043.87
-7118.79
-7767.62
-6722.84
-6023.99
-8589.24
-8520.49
-6521.19
-8554.02
-7282.86
-7881.61
-7201.16
-7932.76
-6367.95
-8065.78
-5952.51
-6463.32
-8096.16
-8404.65
-8083.9
-5935.04
-6334.76
-8374.3
-5991.89
-7945.43
-8261.66
-7322.65
-8174.1
-6433.55
-7391.95
-7447.66
-6904.53
-6644.16
-6613.14
-7306.56
-6883.43
-7442
-6654.75
-7654.14
-6236.22
-7274.72
-6197.04
-7497.02
-6971.62
-5802.6
-6071.16
-6161.39
-6355.46
-5836.03
-8093.33
-7266.15
-6745.1
-8022.62
-8022.06
-5608.15
-5585.84
-5793.13
-6879.54
-7722.96
-5993.55
-5982.14
-7946.61
-7959.15
-7689.32
-7648.96
-5458.09
-7856.48
-7765.3
-6177.47
-6272.77
-5491.06
-6042.85
-6093.38
-7840.85
-7380.39
-6843.79
-6490.19
-7071.25
-7681.03
-7055.34
-5364.79
-7761.04
-7305.98
-7523.02
-5756.01
-5650.24
-7368.02
-5433.04
-7074.46
-5324.7
-7747.71
-6142.5
-6656.15
-7642.9
-7691.08
-7671.48
-6771.85
-6889.64
-5640.06
-6101.32
-6784.86
-7607.19
-7355.65
-6697.6
-6753.92
-6335.99
-5089.82
-7360.58
-5751.58
-5932.35
-6462.41
-5451.24
-5054.29
-5528.62
-5185.94
-6151.56
-7133.99
-7014.74
-7317.12
-6298.96
-5553.84
-5024.38
-6666.69
-5030.07
-5430.16
-4915.57
-7353.1
-4945.69
-5445.79
-5338.95
-7293.11
-6451.8
-7265.88
-4818.13
-4811.44
-6906.87
-6374.61
-5565.05
-5859.01
-5215.8
-5658.91
-6435.5
-5130.63
-5730.53
-7133.11
-6816.8
-5244.25
-5190.26
-4891.07
-4845.07
-5209.22
-6634.63
-5318.87
-5451.05
-5500.07
-5811.25
-6779.36
-5089.31
-5843.93
-6853.69
-5450.58
-4519.45
-7020.06
-6551.08
-5174.57
-4715.85
-5154.01
-6967.55
-6607.99
-6113.06
-6063.79
-5298.11
-4422.35
-5698.41
-6777.86
-4809.1
-5107.65
-4419.99
-6289.59
-6279.59
-6320.75
-6266.33
-6257.48
-6312.9
-4360.06
-4592.82
-4618.88
-5917.57
-5219.17
-4763.83
-4346.37
-5924.43
-4856.77
-6628.84
-6314.05
-6377.07
-4224.8
-4941.96
-6530.64
-6638.48
-4426.13
-4309.94
-4255.93
-4141.37
-6151.07
-5806.57
-4322.47
-5671.41
-4728.03
-4158.05
-5476.67
-5980.86
-5458.87
-4126.27
-6495
-6327.76
-6371.08
-3991.89
-4673.65
-4659.12
-4039.8
-4160.65
-6324.92
-6412.9
-5158.99
-3891.22
-3897.8
-4602.17
-3867.64
-6282.49
-3854.6
-5247.46
-5286.05
-5586.29
-5989.66
-5511.86
-4326.45
-6272.39
-6273.13
-5603.76
-3755.04
-4589.51
-3726.67
-3747.35
-4505.16
-6136.26
-6191.75
-6172.16
-4893.54
-5488.97
-6147.32
-4336.57
-3824.4
-4234.47
-3702.96
-4780.9
-3829.16
-3738.26
-3560.99
-5991.41
-5775.04
-5760
-3534.33
-4117.89
-4162.63
-3694.02
-3490.99
-5956.58
-4612.18
-4651.21
-4398.83
-5674.87
-4338.07
-4212.65
-3751.96
-4874.44
-5698.35
-5713.8
-5678.44
-4679.72
-5835.6
-4504.5
-3337.76
-4944.04
-3316.19
-5482.61
-5749.47
-5683.59
-4186
-3396
-3277.97
-3691
-5666.52
-4802.7
-5409.91
-3471.98
-5300.32
-4138.07
-5141.51
-5131.51
-3212.05
-5248.73
-4074.2
-4584.69
-4719.57
-3869.51
-3929.49
-3432.52
-5565.44
-3094.57
-3505.57
-3668.89
-4592.29
-3527.05
-2996.32
-4944.52
-3624.47
-4229.29
-5223.89
-2952.1
-4454.63
-3733.04
-5336.33
-3310.09
-4983.15
-3203.77
-4994.12
-2912.4
-4656.12
-5277.58
-2945.18
-4659.35
-5085.4
-4034.41
-4024.41
-4825.82
-3405.95
-5272.8
-4231.92
-5244.39
-5241.39
-5141.78
-4828.76
-2831.16
-3110.61
-3601.04
-4208.64
-4391.62
-3063.58
-2700.18
-2689.21
-5128.8
-4116.29
-4936.33
-4049.73
-2636.19
-5079.38
-4489.87
-5062.56
-4875.86
-4335.43
-3884.48
-4308.54
-3060.97
-2516.47
-3612.92
-2947.75
-2687.44
-2581.96
-2956.3
-2561.96
-4883.9
-4464.67
-4653.65
-4869.8
-3867.46
-3525.83
-4617.75
-4607.75
-2913.39
-4835.84
-4825.84
-2417.24
-3400.34
-4786.84
-3382.24
-4769.61
-3362.24
-2412.98
-2424.91
-2242.54
-3429.16
-3424.15
-4132.96
-3625.32
-4507.48
-4684.42
-4586.82
-2488.57
-3359.02
-3605.95
-4245.56
-2485.55
-2147.07
-2152.22
-2142.22
-2132.63
-2106.7
-3511.19
-2886.76
-2405.11
-2442.83
-4469.04
-2375.11
-4430.98
-4113.74
-3766.47
-2341.42
-2014.86
-3538.75
-3466.26
-3712.91
-3488.43
-1967.11
-3371.94
-3918.51
-2766.51
-1919.75
-1909.24
-4232.05
-3240.89
-3676.27
-2190.33
-4314.05
-2643.09
-3132.19
-3065.67
-4150.02
-3640.15
-2913.24
-1935.09
-1921.78
-1980.71
-1883.22
-1717.29
-1879.87
-1824.91
-2144.61
-2171.38
-1864.55
-2816.37
-3284.94
-1748.65
-3311.14
-2113.47
-3293.41
-1593.67
-2084.52
-3774.69
-3331.95
-4012.62
-1542.53
-1648.52
-2701.86
-2715.51
-3676.03
-1488.17
-1478.71
-2026.4
-1458.71
-1585.15
-2765.67
-3740.48
-3807.96
-2066.27
-1757.31
-1710.93
-3664.54
-3403.23
-2816.76
-2812.43
-3745.44
-2116.81
-3178.14
-2100.8
-3294.17
-1681.24
-2731.74
-1302.08
-1615.79
-2082.03
-1561.23
-1274.21
-1541.23
-1244.51
-1236.86
-3209.5
-2683.56
-3189.5
-1208.69
-1477.7
-2595.4
-3046.24
-2541.28
-3090.43
-2925.71
-3483.52
-1438.03
-3568.53
-1895.09
-1086.16
-3535.09
-1270.87
-3065.79
-3364.85
-2979.21
-3363.82
-2850.86
-3347.43
-2238.68
-1515.5
-2281.55
-2807.57
-3406.97
-3194.78
-1083.25
-2023.87
-1502.04
-2081.69
-866.045
-1024.26
-1021.34
-1449.76
-2033.77
-2622.88
-3083.4
-969.428
-1325.37
-949.428
-764.621
-887.071
-1951.69
-2475.27
-1266.49
-713.568
-1247.62
-827.071
-1887.51
-840.475
-2943.05
-2000.03
-811.649
-3137.6
-2938.42
-809.696
-1870.52
-1247.07
-1938.17
-930.315
-2585.61
-3051.69
-1378.2
-3030.9
-1975.38
-1357.35
-1339.81
-2309.87
-2862.75
-515.785
-2860.96
-808.673
-1317.73
-466.513
-469.855
-460.271
-434.24
-2453.34
-738.248
-410.397
-407.634
-401.69
-666.342
-372.781
-1203.17
-351.844
-343.294
-1574.22
-2678.29
-2287.15
-1650.17
-1477.75
-2743.52
-2723.69
-947.124
-2712.81
-423.148
-2508.14
-1465.76
-854.1
-1962.56
-2084.14
-297.668
-751.269
-666.122
-1333.05
-288.172
-644.591
-707.324
-256.255
-1278.86
-668.992
-1258.86
-1771.44
-2194.66
-2269.95
-1128.67
-167.261
-2221.03
-110.004
-1092.55
-127.261
-558.2
-2216.4
-470.621
-1669.87
-2253.25
-560.386
115.604
-1195.49
-2181.42
-2171.42
-1835.71
-1702.81
-710.061
-2320.33
-160.878
-2299.36
168.975
-2175.25
-1225.24
-588.598
-2243.69
-2026.7
-1751.56
249.869
252.948
-2197.62
-1136.19
-1700.33
-1690.33
-36.8034
-2146.75
-1658.09
56.2188
-1071.86
-442.304
-426.39
377.875
-404.788
-1388.35
-1953.76
136.219
-1555.86
-1849.71
-1914.76
-2004.35
-1783.51
-1882.02
-1494.63
-1478.41
-1474.63
-1362.82
-1303.27
-1401.61
-686.554
-683.678
-1376.46
-665.717
-655.717
71.7681
-1857.62
-625.717
518.804
493.66
67.5216
-1547.03
568.025
470.382
-1029.01
-478.775
-1759.63
-442.655
145.241
597.48
-426.685
652.995
-1694.28
-1468.75
-991.459
-1083.57
634.719
-1016.11
258.93
-1630.62
-1102.89
691.41
239.894
-1072.89
-1065.47
-1126.34
908.361
-956.719
132.425
263.611
-1078.9
758.093
-1058.9
-1328.67
-1041.11
-1308.53
-461.973
218.402
-150.385
-376.003
-1415.9
-366.052
-346.003
-346.052
-1376.98
-323.864
-1357.79
-303.864
-862.326
853.594
-1217.49
413.574
361.482
-287.087
1184.88
-1264.51
409.007
-1035.19
-1135.77
-551.347
1232.09
-160.487
-714.895
-708.862
-1020.24
-1084.85
-108.298
1338.22
-513.279
578.356
592.453
-1106.81
-916.792
-901.681
746.478
756.478
-358.842
723.075
186.36
1465.22
751.234
86.827
1355.8
-307.233
-830.303
973.295
-956.502
-378.907
1556.57
-778.478
-291.698
452.361
264.412
-261.698
-761.222
1626
-740.817
236.496
990.049
-641.973
-821.872
1028.11
-801.872
439.438
456.563
-140.405
-248.466
477.399
-624.782
-547.119
-201.388
14.5414
-540.821
-501.973
-50.4052
-670.457
-143.642
1815.83
539.803
94.5414
-66.3957
-601.572
505.016
-115.326
1087.01
1089.48
1620.59
490.948
733.482
515.324
-36.895
-33.095
-496.509
-488.354
-267.192
-468.354
2003.37
605.379
-338.764
55.347
2032.29
175.614
-316.853
665.379
1796.98
231.547
351.057
1430.46
2150.39
1820.64
1470.98
213.386
2191.55
-291.187
2012.51
1558.05
2231.66
-131.437
-119.229
-44.2115
-97.4305
-87.4305
-14.4475
2095.78
1815.79
569.481
1002.41
-150.696
485.011
50.6538
1184.34
1050.43
1123.36
-78.9556
2240.57
503.625
451.782
2339.88
1185.4
-31.5781
2472.83
624.323
1225.4
2399.8
17.5427
26.1278
1746.36
686.924
2349.72
705.623
260.881
2353.54
1929.33
2403.46
633.358
2623
1225.66
382.42
160.69
1958.61
2015.11
2684.16
1813.61
762.871
2397.57
2014.04
1473.56
2456.89
445.027
265.128
718.312
2551.08
479.654
1397.82
500.112
840.782
2831.83
1965.27
498.602
1603.56
2668.72
1963.28
604.786
2013.8
2586.3
2632.67
1348.95
1426.59
1778.93
2100.11
2835.82
1180.38
1376.12
2502.69
1512.18
972.323
1327.45
2731.54
2607.08
1887.72
1950.5
716.652
1149.25
729.642
1960.94
1309.84
2776.11
2144.01
1126.55
1754.59
2075.39
2888.89
2392
808.936
1822.85
741.375
2805.68
1471.19
2414.21
1941.38
861.425
1975.38
2918.48
546.939
588.171
2118.5
574.417
1722.86
1334.45
552.091
2527.8
2602.36
1093.2
390.002
800.481
737.477
2776.51
743.347
2295.5
2695.54
391.716
371.046
2608.51
2758.88
308.26
2863.49
2033.23
2587.48
2889.2
2684.21
593.888
2596.74
2249.68
2908.96
416.156
2599.55
2344.84
1917.61
2094.89
859.169
1830.36
2779.87
2019.03
2885.54
2828.82
2570.53
2855.52
496.246
1822.77
709.568
2855.33
2784
1424.89
1614.12
1918.75
1939.55
864.224
672.374
2723.22
1313.36
1822.47
2250.17
994.929
625.079
807.624
1232.29
2978.53
1798.65
2099.77
669.883
2915.07
849.767
2971.88
2125.43
1113.03
1872.97
1478.12
1826.99
893.535
786.967
968.931
1132.61
564.56
615.699
2738.39
545.586
2270.63
2995.2
2989.85
2265.38
640.632
1864.9
1348.41
758.73
523.962
2294.57
2282.61
2177.06
2778.16
1651.11
1947.19
536.47
2242.97
1427.2
539.048
1693.57
1431.18
3007.55
1534.19
793.432
2557.64
440.09
2726.24
1868.6
2834.2
555.614
951.366
649.643
644.26
1199.84
771.424
2917.56
2905.29
2780.74
1992.63
2573.34
2581.06
674.693
2397.55
3058.87
2533.58
2945.3
2046.91
2922.03
611.754
2159.65
2663.64
1828.45
753.733
1467.45
704.595
2050.35
1352.68
1711.09
1415.23
2650.9
1903.79
2982.68
1674.44
2481.25
2854.07
699.972
1824.57
681.221
2769.75
732.359
1344.52
1883.98
2947.87
1268.19
2899.15
668.33
2666.25
3042.84
3086.63
1070.87
1019.03
2185.85
2830.7
649.615
1825.89
2297.62
1723.7
604.655
2905.91
2561.27
2704.83
2613.41
3109.84
590.889
990.071
2319.51
1523.48
2485.63
2068.71
3118.94
2221.17
584.822
2382.49
2572.07
2142.41
625.775
732.432
1844.58
761.229
2378.02
1901.01
965.145
657.403
972.757
3021.97
3020.44
757.238
853.595
1100.4
2518
1728.26
769.925
1179.46
2590.9
2037.93
2996.22
2671.53
2139.63
740.539
2824.99
1546.99
2983.45
743.785
1434.33
2919.71
3147.62
1136.64
2745.99
765.19
763.904
1072.83
2938.52
883.369
2549.36
3053.02
801.807
1572.29
2331.69
3151.9
3210.27
1267.22
880.594
879.246
1846.26
1206.5
1164.79
1628.01
782.453
1644.82
3155.52
1634.93
3220.46
773.883
1621.83
829.206
2451.66
3158.87
900.953
1299.46
2436.07
859.265
2897.68
824.006
3212.67
769.486
3118.29
1354.88
1401.05
982.882
734.933
2869.27
721.582
1811.83
3182.61
1459.35
3266.07
1615.01
1117.04
2880.95
1157.99
946.864
1958.94
866.53
952.721
901.82
2991.8
1975.32
919.765
2321.55
3194.5
3034.76
1412.6
1957.99
1709.81
806.49
1011.68
2618.32
2085.35
1005.37
2626.61
1261.69
1839.92
2390.36
1177.39
919.337
1116.22
1031.87
3155.1
860.384
863.594
3064.59
2927.21
1827.41
2980.43
3231.13
875.502
2775.95
2152.75
3323.69
1729.93
909.906
2859.1
2478.03
1259.88
1310.71
3249.7
2927.17
1969.37
3066.87
1039.86
2575.84
2575.84
2572.83
3070.4
2410.48
1073.66
1276.69
2468.24
1234.29
1645.1
907.762
2753.61
2803.71
2850.33
3227.03
2710.94
852.631
2417.87
3003.63
2977.31
3020.73
978.391
2051.8
1485.72
858.564
2193.24
2837.68
3224.08
1202.88
1174.87
1234.32
923.957
3297.36
2364.11
2312.83
2502.3
3383.2
2436.7
3351.54
3384.9
2040.66
1045.24
968.837
3361.26
2650.01
3349.45
1737.25
3327.63
2480.86
2980.78
2281.85
2891.49
3289.27
1193.73
3243.82
1126.35
2810.4
2522.15
2564.41
1196.51
3171.19
2515.38
1031
1419.52
2596.96
1428.15
2075.92
3313.75
974.558
1673.27
2277.48
1272.21
3270.02
3450.68
2835.73
1004.85
1688.3
2283.75
2445.27
1200.06
1294.72
1682.19
1722.78
980.49
2343.38
2860.96
978.591
2924.51
3350.25
3330.07
2913.47
1223.53
1490.86
2867.52
974.283
3197.85
1408.69
1409.69
3466.15
3131.17
3132.17
3166.64
2069.52
3448.88
1464.12
1589.3
1506.2
1179
1751.74
2295.43
1562.79
3507.48
1381.51
2998.04
2423.08
3510.73
1810.08
3513.86
1812.53
1435.56
1394.79
1078.56
1315.24
2429.11
1318.15
2428.78
2948.9
1051.56
2388.19
2362.42
2973.24
2241.1
2902.91
2311.67
1535.22
1082.76
2069.89
1069.28
1980.79
2752.81
3177.87
1132.85
3129.32
1473.68
3515.48
1077.21
2291.68
2929.98
2042.66
1252.87
2747.55
2938.23
2402.09
2988.56
2410.46
1087.78
3571.57
1317.76
1307.82
2473.09
2417.58
2905.78
3390.54
2424.82
2991.35
1817.65
3306.01
1298.66
1089.25
1490.24
1203.65
1302.99
1491.05
1521.65
3242.41
2710.12
1478.55
3243.77
3239.58
1573.47
3242.58
2180.84
1577.15
1781.83
1319.31
1581.16
1765.43
3617.44
1699.76
1306.8
3448.31
1116.16
2968.04
3016.9
3460.04
1269.73
2500.34
3459.64
3467.19
3634.48
1152.6
1402.33
3475.49
3495
1407.39
2344
1806.63
3095.02
2408.45
1233.16
2976.65
1584.31
2463.4
1172.54
1393.85
2792.54
1398.85
3642.55
2758.55
3285.75
2146.18
3283.69
2806.4
3625.56
3330.73
2190.58
1308.79
1671.46
3382.29
1808.98
1393.77
3325.73
1672.98
1397.07
3629.11
1711.95
3509.46
2470.08
2473.15
3070.92
1199.63
2771.82
1279.14
3034.07
2152.59
2199.31
2195.06
1643.72
1640.3
2824.12
2817.85
2127.82
1451.65
2879.39
2194.89
2271.32
2205.34
2290.94
3684.36
1308.65
3395
1437.89
2870.69
1442.88
1316.65
1882.09
3370.03
1404.19
2221.65
1921.22
1852.5
1743.77
3736.13
2497.56
1356.72
2495.29
1247.72
3548.76
1680.89
3743.35
3583.63
1269.73
1798.62
2233.75
1485.84
1352.39
3288.93
1344.16
2281.9
1497.84
3701.37
1277.61
3704.37
3399.45
3744.6
1292.29
2865.75
3406.38
3723.36
3726.95
2854.78
1340.47
2849.42
2301.58
3769.74
2236.97
3464.72
1743.59
1746.81
3448.35
3473.96
3754.02
1385.49
1748.37
1749.37
3758.02
3449.79
1388.14
2931.11
1750.93
3762.96
2032.23
2934.45
3779.46
3539.02
2255.26
1369.74
3418.71
3770.63
1747.05
1329.61
3795.32
2933.59
1324.53
3436.04
1403.51
1331.11
2357.12
2366.64
2980.42
3507.76
2029.92
2992.17
2028.22
1803.7
1564.86
2037.92
2997.91
1356.49
1528.02
1362.61
1368.18
1362.49
1581.85
1817.77
1827.26
1369.6
2054.78
2394.95
2669.74
2663.32
1761.02
1874.43
1380.6
2405.8
2306.59
1580.32
1837.77
1476.17
3814.69
1497.86
3476.66
2640.69
2506.81
1820.23
1772.77
1405.89
2453.6
3522.62
3529.86
3525.62
2991.27
3848.03
3847.46
3851.03
2974.04
3486.36
3509.24
2418.16
3865.59
1495.85
3564.25
2457.44
3588.43
1439.19
3547.78
3525.04
1441.81
3551.78
3894.25
3033.59
2404.5
3896.27
3113.22
3901.79
1864.02
3904.25
1867.02
3907.79
3630.21
2492.08
3122.64
1452.16
3891.55
2432.74
3917.79
2425.5
3899.09
3643.21
3056.08
1527.74
3059.08
3927.79
3591.11
3008.29
1564.74
1463.25
3943.99
2111.13
3020.44
1972.53
1559.79
1690.86
3952.99
1587.75
2773.71
2165.5
3640.34
1575.04
3121.89
1578.04
2507.27
1707.85
3127.89
2179.78
1957.26
3953.3
1501.71
1586.08
1920.07
3977.74
1504.67
3981.37
3635.86
3096.27
2581.91
3732.6
3976.74
3981.25
3195.22
3650.17
2490.71
2501.94
2493.71
3114.78
2505.94
2497.71
3990.74
3118.53
3658.86
3972.46
3977.56
4000.7
3978.01
2018.8
3728.39
3982.01
1615.12
2514.71
2595.25
3735.39
3671.78
3218.15
2521.71
3732.95
3677.78
4020.25
3982.44
3681.78
4022.27
3239.22
4027.79
3162.08
4030.79
3696.02
3693.95
3699.02
2543.5
2542.71
1668.86
2547.5
1581.16
3168.78
4024.09
4047.86
2008.12
3771.21
2647.37
1979.34
1781.64
1646.38
3181.78
2664.8
4049.31
4027.75
3784.8
2670.8
1685.08
3243.65
3326.39
3764.4
3152.2
1715.8
3765.41
4066.53
1732.04
2258.69
4041.69
2862.64
4091.74
3462.53
4094.74
4064.03
1727.49
3179.57
2045.38
2053.23
3751.62
3819.39
3759.86
1702.96
4078.56
3758.62
3307.15
3228.53
3229.53
3241.08
4085.01
3315.73
4088.01
3236.53
4092.56
3329.22
2079.02
3878.21
4119.7
2636.94
2628.71
1664.16
4126.79
2632.71
2141.57
2637.5
2645.15
4109.01
2639.71
3337.56
3348.64
2100.02
3265.78
1749.12
1746.96
1684.3
3279.08
3272.78
3817.32
4151.86
3867.56
3811.78
4156.97
2626.45
4136.09
4132.13
2623.08
1692.25
3332.89
3911.63
2120.27
1810.8
3798.43
3247.01
2766.84
1705.39
2638.08
3899.85
1769.97
2686.5
4158.56
1820.36
2179.26
2648.08
3408.9
4197.37
2223.53
2655.82
4190.27
4170.01
1728.53
3275.96
3860.86
4199.7
3863.86
2710.5
2711.5
3922.16
2161.27
3875.17
3335.78
4211.25
3929.16
3342.04
4213.27
1802.65
2997.58
4181.69
2726.71
4200.56
4224.25
3356.83
4204.55
4226.27
4207.55
3444.22
4210.56
3892.78
3373.59
2192.16
4217.09
3461.9
4230.84
2804.64
4254.61
4244.31
4224.55
2857.69
2238.73
2000.86
4264.23
4280.77
2479.2
2815.95
2015.26
2480.78
3294
1994.6
3896.5
2772.71
3482.8
4246.03
2224.38
2786.15
2227.38
2862.43
1881.19
2231.38
2866.43
4258.55
2243.12
4283.7
2790.71
4264.56
2793.71
3954.02
3414.53
4015.39
4271.56
1898.96
4294.27
2807.3
2322.23
2262.93
4027.94
3934.5
3963.78
2484.41
2951.5
2823.15
3436.78
1950.42
3946.68
2822.5
4069.32
4040.8
3450.83
4321.79
2836.15
3984.95
3547.9
4336.99
4328.25
4309.09
3111.88
4080.15
1874.3
2063.41
4346.99
2299.12
4317.55
4063.8
4007.02
1979.48
1953.12
4005.78
2303.16
2124.27
1954.96
